0 0 0
0 0.0666667 0
0 0.133333 0
0 0.2 0
0 0.266667 0
0 0.333333 1
0 0.4 1
0 0.466667 1
0 0.533333 1
0 0.6 1
0 0.666667 1
0 0.733333 1
0 0.8 1
0 0.866667 0
0 0.933333 0
0 1 0
0.0005 0 0
0.0005 0.0666667 0
0.0005 0.133333 0
0.0005 0.2 0
0.0005 0.266667 0.1445
0.0005 0.333333 0.8555
0.0005 0.4 1
0.0005 0.466667 1
0.0005 0.533333 1
0.0005 0.6 1
0.0005 0.666667 1
0.0005 0.733333 1
0.0005 0.8 0.8555
0.0005 0.866667 0.1445
0.0005 0.933333 0
0.0005 1 0
0.001 0 0
0.001 0.0666667 0
0.001 0.133333 0
0.001 0.2 0.0208802
0.001 0.266667 0.226359
0.001 0.333333 0.773641
0.001 0.4 0.97912
0.001 0.466667 1
0.001 0.533333 1
0.001 0.6 1
0.001 0.666667 1
0.001 0.733333 0.97912
0.001 0.8 0.773641
0.001 0.866667 0.226359
0.001 0.933333 0.0208802
0.001 1 0
0.0015 0 0
0.0015 0.0666667 0
0.0015 0.133333 0.0030172
0.0015 0.2 0.0475548
0.0015 0.266667 0.27575
0.0015 0.333333 0.72425
0.0015 0.4 0.952445
0.0015 0.466667 0.996983
0.0015 0.533333 1
0.0015 0.6 1
0.0015 0.666667 0.996983
0.0015 0.733333 0.952445
0.0015 0.8 0.72425
0.0015 0.866667 0.27575
0.0015 0.933333 0.0475548
0.0015 1 0.0030172
0.002 0 0
0.002 0.0666667 0.000435985
0.002 0.133333 0.00901689
0.002 0.2 0.0740933
0.002 0.266667 0.307584
0.002 0.333333 0.692416
0.002 0.4 0.925907
0.002 0.466667 0.990983
0.002 0.533333 0.999564
0.002 0.6 0.999564
0.002 0.666667 0.990983
0.002 0.733333 0.925907
0.002 0.8 0.692416
0.002 0.866667 0.307584
0.002 0.933333 0.0740933
0.002 1 0.00901689
0.0025 0 6.29998e-05
0.0025 0.0666667 0.00161293
0.0025 0.133333 0.0171805
0.0025 0.2 0.0984291
0.0025 0.266667 0.329453
0.0025 0.333333 0.670547
0.0025 0.4 0.901571
0.0025 0.466667 0.98282
0.0025 0.533333 0.998324
0.0025 0.6 0.998324
0.0025 0.666667 0.98282
0.0025 0.733333 0.901571
0.0025 0.8 0.670547
0.0025 0.866667 0.329453
0.0025 0.933333 0.0984291
0.0025 1 0.0171175
0.003 0 0.000277861
0.003 0.0666667 0.00363847
0.003 0.133333 0.0266714
0.003 0.2 0.120072
0.003 0.266667 0.345358
0.003 0.333333 0.654642
0.003 0.4 0.879928
0.003 0.466667 0.973319
0.003 0.533333 0.996084
0.003 0.6 0.996084
0.003 0.666667 0.973319
0.003 0.733333 0.879928
0.003 0.8 0.654642
0.003 0.866667 0.345358
0.003 0.933333 0.120063
0.003 1 0.0263935
0.0035 0 0.000723318
0.0035 0.0666667 0.00648112
0.0035 0.133333 0.0368395
0.0035 0.2 0.139129
0.0035 0.266667 0.357496
0.0035 0.333333 0.642504
0.0035 0.4 0.86087
0.0035 0.466667 0.963114
0.0035 0.533333 0.992794
0.0035 0.6 0.992794
0.0035 0.666667 0.963114
0.0035 0.733333 0.86087
0.0035 0.8 0.642504
0.0035 0.866667 0.357494
0.0035 0.933333 0.139083
0.0035 1 0.0361148
0.004 0 0.0014508
0.004 0.0666667 0.0100359
0.004 0.133333 0.0472335
0.004 0.2 0.155902
0.004 0.266667 0.367125
0.004 0.333333 0.632874
0.004 0.4 0.84409
0.004 0.466667 0.952628
0.004 0.533333 0.988505
0.004 0.6 0.988505
0.004 0.666667 0.952628
0.004 0.733333 0.84409
0.004 0.8 0.632874
0.004 0.866667 0.367118
0.004 0.933333 0.155764
0.004 1 0.0457751
0.0045 0 0.00248171
0.0045 0.0666667 0.0141704
0.0045 0.133333 0.0575611
0.0045 0.2 0.170721
0.0045 0.266667 0.375004
0.0045 0.333333 0.624994
0.0045 0.4 0.829253
0.0045 0.466667 0.942129
0.0045 0.533333 0.983321
0.0045 0.6 0.983321
0.0045 0.666667 0.942129
0.0045 0.733333 0.829253
0.0045 0.8 0.624993
0.0045 0.866667 0.374979
0.0045 0.933333 0.170411
0.0045 1 0.055054
0.005 0 0.00381212
0.005 0.0666667 0.0187514
0.005 0.133333 0.0676428
0.005 0.2 0.183889
0.005 0.266667 0.381609
0.005 0.333333 0.618386
0.005 0.4 0.816048
0.005 0.466667 0.931771
0.005 0.533333 0.977369
0.005 0.6 0.977369
0.005 0.666667 0.931771
0.005 0.733333 0.816048
0.005 0.8 0.618382
0.005 0.866667 0.381546
0.005 0.933333 0.183302
0.005 1 0.0637678
0.0055 0 0.00541999
0.0055 0.0666667 0.0236575
0.0055 0.133333 0.0773755
0.0055 0.2 0.195662
0.0055 0.266667 0.387253
0.0055 0.333333 0.612734
0.0055 0.4 0.804208
0.0055 0.466667 0.921638
0.0055 0.533333 0.97078
0.0055 0.6 0.97078
0.0055 0.666667 0.921638
0.0055 0.733333 0.804207
0.0055 0.8 0.612722
0.0055 0.866667 0.387123
0.0055 0.933333 0.194676
0.0055 1 0.0718261
0.006 0 0.00727211
0.006 0.0666667 0.0287844
0.006 0.133333 0.0867056
0.006 0.2 0.206254
0.006 0.266667 0.39215
0.006 0.333333 0.60782
0.006 0.4 0.793509
0.006 0.466667 0.91177
0.006 0.533333 0.963679
0.006 0.6 0.963679
0.006 0.666667 0.91177
0.006 0.733333 0.793506
0.006 0.8 0.607792
0.006 0.866667 0.391913
0.006 0.933333 0.204733
0.006 1 0.079199
0.0065 0 0.00932982
0.0065 0.0666667 0.0340455
0.0065 0.133333 0.0956108
0.0065 0.2 0.215841
0.0065 0.266667 0.396452
0.0065 0.333333 0.603488
0.0065 0.4 0.783765
0.0065 0.466667 0.902182
0.0065 0.533333 0.956178
0.0065 0.6 0.956178
0.0065 0.666667 0.902182
0.0065 0.733333 0.78376
0.0065 0.8 0.603433
0.0065 0.866667 0.39606
0.0065 0.933333 0.213641
0.0065 1 0.0858943
0.007 0 0.0115531
0.007 0.0666667 0.0393703
0.007 0.133333 0.104088
0.007 0.2 0.224566
0.007 0.266667 0.400271
0.007 0.333333 0.599621
0.007 0.4 0.774826
0.007 0.466667 0.892873
0.007 0.533333 0.948376
0.007 0.6 0.948376
0.007 0.666667 0.892872
0.007 0.733333 0.774815
0.007 0.8 0.599525
0.007 0.866667 0.399666
0.007 0.933333 0.221541
0.007 1 0.0919419
0.0075 0 0.0139032
0.0075 0.0666667 0.0447024
0.0075 0.133333 0.112145
0.0075 0.2 0.232546
0.0075 0.266667 0.403688
0.0075 0.333333 0.596132
0.0075 0.4 0.766567
0.0075 0.466667 0.883836
0.0075 0.533333 0.940356
0.0075 0.6 0.940355
0.0075 0.666667 0.883833
0.0075 0.733333 0.766545
0.0075 0.8 0.595975
0.0075 0.866667 0.402806
0.0075 0.933333 0.228553
0.0075 1 0.0973834
0.008 0 0.0163447
0.008 0.0666667 0.0499974
0.008 0.133333 0.119798
0.008 0.2 0.239878
0.008 0.266667 0.406766
0.008 0.333333 0.592952
0.008 0.4 0.758885
0.008 0.466667 0.875057
0.008 0.533333 0.932188
0.008 0.6 0.932188
0.008 0.666667 0.875052
0.008 0.733333 0.758845
0.008 0.8 0.592709
0.008 0.866667 0.40554
0.008 0.933333 0.234778
0.008 1 0.102265
0.0085 0 0.0188457
0.0085 0.0666667 0.0552207
0.0085 0.133333 0.127063
0.0085 0.2 0.246642
0.0085 0.266667 0.409555
0.0085 0.333333 0.590025
0.0085 0.4 0.751694
0.0085 0.466667 0.866526
0.0085 0.533333 0.923933
0.0085 0.6 0.923932
0.0085 0.666667 0.866517
0.0085 0.733333 0.751631
0.0085 0.8 0.58967
0.0085 0.866667 0.407911
0.0085 0.933333 0.240305
0.0085 1 0.106636
0.009 0 0.0213787
0.009 0.0666667 0.0603458
0.009 0.133333 0.133961
0.009 0.2 0.252904
0.009 0.266667 0.412092
0.009 0.333333 0.587308
0.009 0.4 0.744926
0.009 0.466667 0.858228
0.009 0.533333 0.915637
0.009 0.6 0.915636
0.009 0.666667 0.858212
0.009 0.733333 0.744828
0.009 0.8 0.586809
0.009 0.866667 0.409956
0.009 0.933333 0.245209
0.009 1 0.110542
0.0095 0 0.0239202
0.0095 0.0666667 0.0653525
0.0095 0.133333 0.140511
0.0095 0.2 0.258719
0.0095 0.266667 0.414408
0.0095 0.333333 0.584765
0.0095 0.4 0.738523
0.0095 0.466667 0.850152
0.0095 0.533333 0.907342
0.0095 0.6 0.907338
0.0095 0.666667 0.850126
0.0095 0.733333 0.738378
0.0095 0.8 0.584088
0.0095 0.866667 0.411705
0.0095 0.933333 0.249556
0.0095 1 0.114028
0.01 0 0.0264507
0.01 0.0666667 0.0702259
0.01 0.133333 0.146732
0.01 0.2 0.264135
0.01 0.266667 0.416527
0.01 0.333333 0.582367
0.01 0.4 0.732435
0.01 0.466667 0.842285
0.01 0.533333 0.899077
0.01 0.6 0.899071
0.01 0.666667 0.842246
0.01 0.733333 0.732231
0.01 0.8 0.581473
0.01 0.866667 0.413184
0.01 0.933333 0.253403
0.01 1 0.117135
0.0105 0 0.0289541
0.0105 0.0666667 0.0749555
0.0105 0.133333 0.152641
0.0105 0.2 0.269191
0.0105 0.266667 0.418471
0.0105 0.333333 0.580088
0.0105 0.4 0.726624
0.0105 0.466667 0.834618
0.0105 0.533333 0.89087
0.0105 0.6 0.890861
0.0105 0.666667 0.83456
0.0105 0.733333 0.726344
0.0105 0.8 0.57894
0.0105 0.866667 0.414413
0.0105 0.933333 0.2568
0.0105 1 0.1199
0.011 0 0.0314174
0.011 0.0666667 0.0795339
0.011 0.133333 0.158257
0.011 0.2 0.27392
0.011 0.266667 0.420253
0.011 0.333333 0.577908
0.011 0.4 0.721054
0.011 0.466667 0.827141
0.011 0.533333 0.88274
0.011 0.6 0.882727
0.011 0.666667 0.827058
0.011 0.733333 0.720681
0.011 0.8 0.576466
0.011 0.866667 0.415412
0.011 0.933333 0.259793
0.011 1 0.122356
0.0115 0 0.0338304
0.0115 0.0666667 0.0839566
0.0115 0.133333 0.163595
0.0115 0.2 0.278352
0.0115 0.266667 0.421889
0.0115 0.333333 0.575812
0.0115 0.4 0.715699
0.0115 0.466667 0.819846
0.0115 0.533333 0.874704
0.0115 0.6 0.874685
0.0115 0.666667 0.819731
0.0115 0.733333 0.715213
0.0115 0.8 0.574033
0.0115 0.866667 0.416198
0.0115 0.933333 0.262421
0.0115 1 0.124535
0.012 0 0.0361852
0.012 0.0666667 0.0882211
0.012 0.133333 0.16867
0.012 0.2 0.282511
0.012 0.266667 0.42339
0.012 0.333333 0.573784
0.012 0.4 0.710535
0.012 0.466667 0.812724
0.012 0.533333 0.866774
0.012 0.6 0.866747
0.012 0.666667 0.812569
0.012 0.733333 0.709915
0.012 0.8 0.571626
0.012 0.866667 0.416784
0.012 0.933333 0.264717
0.012 1 0.126464
0.0125 0 0.0384756
0.0125 0.0666667 0.0923267
0.0125 0.133333 0.173495
0.0125 0.2 0.286418
0.0125 0.266667 0.424765
0.0125 0.333333 0.571812
0.0125 0.4 0.705541
0.0125 0.466667 0.805768
0.0125 0.533333 0.85896
0.0125 0.6 0.858922
0.0125 0.666667 0.805564
0.0125 0.733333 0.704766
0.0125 0.8 0.569234
0.0125 0.866667 0.417185
0.0125 0.933333 0.266713
0.0125 1 0.128168
0.013 0 0.0406974
0.013 0.0666667 0.096274
0.013 0.133333 0.178083
0.013 0.2 0.290092
0.013 0.266667 0.426022
0.013 0.333333 0.569888
0.013 0.4 0.7007
0.013 0.466667 0.798971
0.013 0.533333 0.851268
0.013 0.6 0.851217
0.013 0.666667 0.798709
0.013 0.733333 0.699747
0.013 0.8 0.566847
0.013 0.866667 0.417413
0.013 0.933333 0.268437
0.013 1 0.129667
0.0135 0 0.0428474
0.0135 0.0666667 0.100065
0.0135 0.133333 0.182447
0.0135 0.2 0.293548
0.0135 0.266667 0.427169
0.0135 0.333333 0.568002
0.0135 0.4 0.695998
0.0135 0.466667 0.792328
0.0135 0.533333 0.843704
0.0135 0.6 0.843637
0.0135 0.666667 0.791996
0.0135 0.733333 0.694843
0.0135 0.8 0.564458
0.0135 0.866667 0.417479
0.0135 0.933333 0.269911
0.0135 1 0.130983
0.014 0 0.0449239
0.014 0.0666667 0.103701
0.014 0.133333 0.186597
0.014 0.2 0.296802
0.014 0.266667 0.428211
0.014 0.333333 0.566147
0.014 0.4 0.691422
0.014 0.466667 0.785832
0.014 0.533333 0.83627
0.014 0.6 0.836185
0.014 0.666667 0.78542
0.014 0.733333 0.690041
0.014 0.8 0.56206
0.014 0.866667 0.417394
0.014 0.933333 0.27116
0.014 1 0.132131
0.0145 0 0.0469257
0.0145 0.0666667 0.107186
0.0145 0.133333 0.190543
0.0145 0.2 0.299866
0.0145 0.266667 0.429154
0.0145 0.333333 0.564317
0.0145 0.4 0.686962
0.0145 0.466667 0.779478
0.0145 0.533333 0.82897
0.0145 0.6 0.828862
0.0145 0.666667 0.778973
0.0145 0.733333 0.68533
0.0145 0.8 0.559649
0.0145 0.866667 0.417167
0.0145 0.933333 0.272201
0.0145 1 0.133128
0.015 0 0.0488526
0.015 0.0666667 0.110524
0.015 0.133333 0.194295
0.015 0.2 0.302751
0.015 0.266667 0.430003
0.015 0.333333 0.562508
0.015 0.4 0.682608
0.015 0.466667 0.773261
0.015 0.533333 0.821803
0.015 0.6 0.821668
0.015 0.666667 0.772651
0.015 0.733333 0.680701
0.015 0.8 0.557222
0.015 0.866667 0.416808
0.015 0.933333 0.273053
0.015 1 0.133987
0.0155 0 0.0507048
0.0155 0.0666667 0.113717
0.0155 0.133333 0.197862
0.0155 0.2 0.305467
0.0155 0.266667 0.430762
0.0155 0.333333 0.560716
0.0155 0.4 0.678353
0.0155 0.466667 0.767176
0.0155 0.533333 0.814769
0.0155 0.6 0.814605
0.0155 0.666667 0.766447
0.0155 0.733333 0.676145
0.0155 0.8 0.554775
0.0155 0.866667 0.416325
0.0155 0.933333 0.27373
0.0155 1 0.134721
0.016 0 0.0524833
0.016 0.0666667 0.116771
0.016 0.133333 0.201252
0.016 0.2 0.308023
0.016 0.266667 0.431435
0.016 0.333333 0.558936
0.016 0.4 0.674189
0.016 0.466667 0.761218
0.016 0.533333 0.807868
0.016 0.6 0.80767
0.016 0.666667 0.760357
0.016 0.733333 0.671655
0.016 0.8 0.552307
0.016 0.866667 0.415726
0.016 0.933333 0.274248
0.016 1 0.13534
0.0165 0 0.054189
0.0165 0.0666667 0.119689
0.0165 0.133333 0.204473
0.0165 0.2 0.310428
0.0165 0.266667 0.432026
0.0165 0.333333 0.557166
0.0165 0.4 0.670111
0.0165 0.466667 0.755383
0.0165 0.533333 0.801098
0.0165 0.6 0.800862
0.0165 0.666667 0.754376
0.0165 0.733333 0.667227
0.0165 0.8 0.549817
0.0165 0.866667 0.415019
0.0165 0.933333 0.27462
0.0165 1 0.135856
0.017 0 0.0558234
0.017 0.0666667 0.122475
0.017 0.133333 0.207532
0.017 0.2 0.312688
0.017 0.266667 0.432538
0.017 0.333333 0.555404
0.017 0.4 0.666112
0.017 0.466667 0.749667
0.017 0.533333 0.794458
0.017 0.6 0.794179
0.017 0.666667 0.7485
0.017 0.733333 0.662854
0.017 0.8 0.547304
0.017 0.866667 0.414209
0.017 0.933333 0.274856
0.017 1 0.136276
0.0175 0 0.0573882
0.0175 0.0666667 0.125135
0.0175 0.133333 0.210437
0.0175 0.2 0.314812
0.0175 0.266667 0.432974
0.0175 0.333333 0.553647
0.0175 0.4 0.662189
0.0175 0.466667 0.744066
0.0175 0.533333 0.787946
0.0175 0.6 0.787619
0.0175 0.666667 0.742725
0.0175 0.733333 0.658533
0.0175 0.8 0.544769
0.0175 0.866667 0.413305
0.0175 0.933333 0.274968
0.0175 1 0.136609
0.018 0 0.058885
0.018 0.0666667 0.127672
0.018 0.133333 0.213193
0.018 0.2 0.316804
0.018 0.266667 0.433337
0.018 0.333333 0.551894
0.018 0.4 0.658336
0.018 0.466667 0.738575
0.018 0.533333 0.781558
0.018 0.6 0.781179
0.018 0.666667 0.737046
0.018 0.733333 0.65426
0.018 0.8 0.542211
0.018 0.866667 0.412312
0.018 0.933333 0.274965
0.018 1 0.136862
0.0185 0 0.0603158
0.0185 0.0666667 0.13009
0.0185 0.133333 0.215807
0.0185 0.2 0.318671
0.0185 0.266667 0.433629
0.0185 0.333333 0.550143
0.0185 0.4 0.65455
0.0185 0.466667 0.733192
0.0185 0.533333 0.775292
0.0185 0.6 0.774856
0.0185 0.666667 0.731461
0.0185 0.733333 0.650031
0.0185 0.8 0.539632
0.0185 0.866667 0.411236
0.0185 0.933333 0.274855
0.0185 1 0.137041
0.019 0 0.0616825
0.019 0.0666667 0.132394
0.019 0.133333 0.218285
0.019 0.2 0.320419
0.019 0.266667 0.433854
0.019 0.333333 0.548394
0.019 0.4 0.650827
0.019 0.466667 0.727911
0.019 0.533333 0.769146
0.019 0.6 0.768649
0.019 0.666667 0.725965
0.019 0.733333 0.645845
0.019 0.8 0.537031
0.019 0.866667 0.410082
0.019 0.933333 0.274648
0.019 1 0.137153
0.0195 0 0.0629871
0.0195 0.0666667 0.134587
0.0195 0.133333 0.220632
0.0195 0.2 0.322052
0.0195 0.266667 0.434014
0.0195 0.333333 0.546644
0.0195 0.4 0.647164
0.0195 0.466667 0.722731
0.0195 0.533333 0.763115
0.0195 0.6 0.762553
0.0195 0.666667 0.720555
0.0195 0.733333 0.641699
0.0195 0.8 0.534411
0.0195 0.866667 0.408856
0.0195 0.933333 0.27435
0.0195 1 0.137202
0.02 0 0.0642317
0.02 0.0666667 0.136674
0.02 0.133333 0.222853
0.02 0.2 0.323575
0.02 0.266667 0.43411
0.02 0.333333 0.544894
0.02 0.4 0.643558
0.02 0.466667 0.717647
0.02 0.533333 0.757199
0.02 0.6 0.756565
0.02 0.666667 0.715229
0.02 0.733333 0.637591
0.02 0.8 0.531771
0.02 0.866667 0.407563
0.02 0.933333 0.273968
0.02 1 0.137195
0.0205 0 0.0654181
0.0205 0.0666667 0.138659
0.0205 0.133333 0.224955
0.0205 0.2 0.324993
0.0205 0.266667 0.434146
0.0205 0.333333 0.543143
0.0205 0.4 0.640007
0.0205 0.466667 0.712656
0.0205 0.533333 0.751392
0.0205 0.6 0.750684
0.0205 0.666667 0.709984
0.0205 0.733333 0.633518
0.0205 0.8 0.529114
0.0205 0.866667 0.406206
0.0205 0.933333 0.273509
0.0205 1 0.137134
0.021 0 0.0665486
0.021 0.0666667 0.140546
0.021 0.133333 0.226941
0.021 0.2 0.32631
0.021 0.266667 0.434124
0.021 0.333333 0.54139
0.021 0.4 0.636508
0.021 0.466667 0.707756
0.021 0.533333 0.745692
0.021 0.6 0.744905
0.021 0.666667 0.704816
0.021 0.733333 0.629481
0.021 0.8 0.52644
0.021 0.866667 0.404792
0.021 0.933333 0.272978
0.021 1 0.137024
0.0215 0 0.0676249
0.0215 0.0666667 0.142337
0.0215 0.133333 0.228815
0.0215 0.2 0.32753
0.0215 0.266667 0.434045
0.0215 0.333333 0.539634
0.0215 0.4 0.633059
0.0215 0.466667 0.702942
0.0215 0.533333 0.740097
0.0215 0.6 0.739226
0.0215 0.666667 0.699723
0.0215 0.733333 0.625478
0.0215 0.8 0.523751
0.0215 0.866667 0.403323
0.0215 0.933333 0.272379
0.0215 1 0.136869
0.022 0 0.068649
0.022 0.0666667 0.144037
0.022 0.133333 0.230584
0.022 0.2 0.328657
0.022 0.266667 0.433911
0.022 0.333333 0.537877
0.022 0.4 0.629657
0.022 0.466667 0.698213
0.022 0.533333 0.734602
0.022 0.6 0.733643
0.022 0.666667 0.694702
0.022 0.733333 0.621507
0.022 0.8 0.521049
0.022 0.866667 0.401803
0.022 0.933333 0.27172
0.022 1 0.136673
0.0225 0 0.0696228
0.0225 0.0666667 0.14565
0.0225 0.133333 0.232249
0.0225 0.2 0.329695
0.0225 0.266667 0.433725
0.0225 0.333333 0.536116
0.0225 0.4 0.626301
0.0225 0.466667 0.693565
0.0225 0.533333 0.729205
0.0225 0.6 0.728155
0.0225 0.666667 0.689753
0.0225 0.733333 0.617567
0.0225 0.8 0.518334
0.0225 0.866667 0.400237
0.0225 0.933333 0.271002
0.0225 1 0.136438
0.023 0 0.0705482
0.023 0.0666667 0.147177
0.023 0.133333 0.233817
0.023 0.2 0.330646
0.023 0.266667 0.433488
0.023 0.333333 0.534352
0.023 0.4 0.622989
0.023 0.466667 0.688995
0.023 0.533333 0.723904
0.023 0.6 0.722758
0.023 0.666667 0.684871
0.023 0.733333 0.613659
0.023 0.8 0.515608
0.023 0.866667 0.398628
0.023 0.933333 0.270232
0.023 1 0.136167
0.0235 0 0.0714269
0.0235 0.0666667 0.148624
0.0235 0.133333 0.235289
0.0235 0.2 0.331515
0.0235 0.266667 0.433202
0.0235 0.333333 0.532585
0.0235 0.4 0.619719
0.0235 0.466667 0.684502
0.0235 0.533333 0.718694
0.0235 0.6 0.717449
0.0235 0.666667 0.680055
0.0235 0.733333 0.609781
0.0235 0.8 0.512873
0.0235 0.866667 0.396978
0.0235 0.933333 0.269413
0.0235 1 0.135863
0.024 0 0.0722607
0.024 0.0666667 0.149992
0.024 0.133333 0.236671
0.024 0.2 0.332304
0.024 0.266667 0.432869
0.024 0.333333 0.530815
0.024 0.4 0.616489
0.024 0.466667 0.680081
0.024 0.533333 0.713573
0.024 0.6 0.712225
0.024 0.666667 0.675304
0.024 0.733333 0.605932
0.024 0.8 0.510129
0.024 0.866667 0.395292
0.024 0.933333 0.268548
0.024 1 0.135529
0.0245 0 0.0730512
0.0245 0.0666667 0.151285
0.0245 0.133333 0.237965
0.0245 0.2 0.333017
0.0245 0.266667 0.432491
0.0245 0.333333 0.529042
0.0245 0.4 0.613298
0.0245 0.466667 0.675732
0.0245 0.533333 0.708539
0.0245 0.6 0.707085
0.0245 0.666667 0.670615
0.0245 0.733333 0.602113
0.0245 0.8 0.507379
0.0245 0.866667 0.393571
0.0245 0.933333 0.267642
0.0245 1 0.135166
0.025 0 0.0738001
0.025 0.0666667 0.152505
0.025 0.133333 0.239174
0.025 0.2 0.333656
0.025 0.266667 0.432068
0.025 0.333333 0.527265
0.025 0.4 0.610145
0.025 0.466667 0.671451
0.025 0.533333 0.703588
0.025 0.6 0.702025
0.025 0.666667 0.665986
0.025 0.733333 0.598322
0.025 0.8 0.504623
0.025 0.866667 0.39182
0.025 0.933333 0.266696
0.025 1 0.134778
0.0255 0 0.0745089
0.0255 0.0666667 0.153656
0.0255 0.133333 0.240303
0.0255 0.2 0.334224
0.0255 0.266667 0.431604
0.0255 0.333333 0.525486
0.0255 0.4 0.607028
0.0255 0.466667 0.667236
0.0255 0.533333 0.698718
0.0255 0.6 0.697043
0.0255 0.666667 0.661416
0.0255 0.733333 0.59456
0.0255 0.8 0.501862
0.0255 0.866667 0.390039
0.0255 0.933333 0.265714
0.0255 1 0.134364
0.026 0 0.0751791
0.026 0.0666667 0.15474
0.026 0.133333 0.241354
0.026 0.2 0.334724
0.026 0.266667 0.431098
0.026 0.333333 0.523702
0.026 0.4 0.603945
0.026 0.466667 0.663085
0.026 0.533333 0.693927
0.026 0.6 0.692137
0.026 0.666667 0.656904
0.026 0.733333 0.590826
0.026 0.8 0.499099
0.026 0.866667 0.388233
0.026 0.933333 0.264699
0.026 1 0.133929
0.0265 0 0.0758123
0.0265 0.0666667 0.155759
0.0265 0.133333 0.24233
0.0265 0.2 0.335158
0.0265 0.266667 0.430553
0.0265 0.333333 0.521916
0.0265 0.4 0.600896
0.0265 0.466667 0.658996
0.0265 0.533333 0.689212
0.0265 0.6 0.687305
0.0265 0.666667 0.652447
0.0265 0.733333 0.58712
0.0265 0.8 0.496333
0.0265 0.866667 0.386402
0.0265 0.933333 0.263653
0.0265 1 0.133472
0.027 0 0.0764097
0.027 0.0666667 0.156716
0.027 0.133333 0.243234
0.027 0.2 0.335529
0.027 0.266667 0.429971
0.027 0.333333 0.520127
0.027 0.4 0.597879
0.027 0.466667 0.654967
0.027 0.533333 0.68457
0.027 0.6 0.682543
0.027 0.666667 0.648044
0.027 0.733333 0.583441
0.027 0.8 0.493567
0.027 0.866667 0.38455
0.027 0.933333 0.262579
0.027 1 0.132997
0.0275 0 0.0769728
0.0275 0.0666667 0.157614
0.0275 0.133333 0.244069
0.0275 0.2 0.335839
0.0275 0.266667 0.429351
0.0275 0.333333 0.518334
0.0275 0.4 0.594893
0.0275 0.466667 0.650995
0.0275 0.533333 0.679999
0.0275 0.6 0.677851
0.0275 0.666667 0.643694
0.0275 0.733333 0.579789
0.0275 0.8 0.490801
0.0275 0.866667 0.382678
0.0275 0.933333 0.261479
0.0275 1 0.132503
0.028 0 0.0775029
0.028 0.0666667 0.158454
0.028 0.133333 0.244837
0.028 0.2 0.336091
0.028 0.266667 0.428697
0.028 0.333333 0.516539
0.028 0.4 0.591937
0.028 0.466667 0.647079
0.028 0.533333 0.675498
0.028 0.6 0.673226
0.028 0.666667 0.639395
0.028 0.733333 0.576165
0.028 0.8 0.488036
0.028 0.866667 0.380789
0.028 0.933333 0.260356
0.028 1 0.131994
0.0285 0 0.0780012
0.0285 0.0666667 0.159239
0.0285 0.133333 0.245541
0.0285 0.2 0.336286
0.0285 0.266667 0.428009
0.0285 0.333333 0.514741
0.0285 0.4 0.58901
0.0285 0.466667 0.643218
0.0285 0.533333 0.671063
0.0285 0.6 0.668666
0.0285 0.666667 0.635147
0.0285 0.733333 0.572567
0.0285 0.8 0.485273
0.0285 0.866667 0.378883
0.0285 0.933333 0.25921
0.0285 1 0.131469
0.029 0 0.0784689
0.029 0.0666667 0.159971
0.029 0.133333 0.246183
0.029 0.2 0.336428
0.029 0.266667 0.427288
0.029 0.333333 0.51294
0.029 0.4 0.586111
0.029 0.466667 0.639408
0.029 0.533333 0.666693
0.029 0.6 0.664169
0.029 0.666667 0.630948
0.029 0.733333 0.568996
0.029 0.8 0.482514
0.029 0.866667 0.376964
0.029 0.933333 0.258044
0.029 1 0.13093
0.0295 0 0.0789071
0.0295 0.0666667 0.160651
0.0295 0.133333 0.246766
0.0295 0.2 0.336516
0.0295 0.266667 0.426535
0.0295 0.333333 0.511136
0.0295 0.4 0.583239
0.0295 0.466667 0.63565
0.0295 0.533333 0.662386
0.0295 0.6 0.659733
0.0295 0.666667 0.626796
0.0295 0.733333 0.565451
0.0295 0.8 0.479759
0.0295 0.866667 0.375032
0.0295 0.933333 0.25686
0.0295 1 0.130379
0.03 0 0.0793171
0.03 0.0666667 0.161283
0.03 0.133333 0.247291
0.03 0.2 0.336555
0.03 0.266667 0.425752
0.03 0.333333 0.50933
0.03 0.4 0.580394
0.03 0.466667 0.63194
0.03 0.533333 0.658139
0.03 0.6 0.655357
0.03 0.666667 0.622691
0.03 0.733333 0.561933
0.03 0.8 0.477008
0.03 0.866667 0.373089
0.03 0.933333 0.255659
0.03 1 0.129816
0.0305 0 0.0796998
0.0305 0.0666667 0.161867
0.0305 0.133333 0.247762
0.0305 0.2 0.336545
0.0305 0.266667 0.42494
0.0305 0.333333 0.507522
0.0305 0.4 0.577573
0.0305 0.466667 0.628277
0.0305 0.533333 0.653951
0.0305 0.6 0.651039
0.0305 0.666667 0.618632
0.0305 0.733333 0.558441
0.0305 0.8 0.474263
0.0305 0.866667 0.371137
0.0305 0.933333 0.254444
0.0305 1 0.129242
0.031 0 0.0800564
0.031 0.0666667 0.162406
0.031 0.133333 0.248179
0.031 0.2 0.336489
0.031 0.266667 0.4241
0.031 0.333333 0.505711
0.031 0.4 0.574778
0.031 0.466667 0.62466
0.031 0.533333 0.64982
0.031 0.6 0.646777
0.031 0.666667 0.614617
0.031 0.733333 0.554975
0.031 0.8 0.471525
0.031 0.866667 0.369176
0.031 0.933333 0.253214
0.031 1 0.128658
0.0315 0 0.0803877
0.0315 0.0666667 0.1629
0.0315 0.133333 0.248546
0.0315 0.2 0.336388
0.0315 0.266667 0.423233
0.0315 0.333333 0.503899
0.0315 0.4 0.572006
0.0315 0.466667 0.621088
0.0315 0.533333 0.645745
0.0315 0.6 0.642569
0.0315 0.666667 0.610646
0.0315 0.733333 0.551535
0.0315 0.8 0.468794
0.0315 0.866667 0.367209
0.0315 0.933333 0.251972
0.0315 1 0.128065
0.032 0 0.0806948
0.032 0.0666667 0.163353
0.032 0.133333 0.248863
0.032 0.2 0.336244
0.032 0.266667 0.42234
0.032 0.333333 0.502084
0.032 0.4 0.569257
0.032 0.466667 0.617558
0.032 0.533333 0.641723
0.032 0.6 0.638415
0.032 0.666667 0.606717
0.032 0.733333 0.54812
0.032 0.8 0.466071
0.032 0.866667 0.365237
0.032 0.933333 0.250719
0.032 1 0.127464
0.0325 0 0.0809785
0.0325 0.0666667 0.163765
0.0325 0.133333 0.249134
0.0325 0.2 0.336058
0.0325 0.266667 0.421422
0.0325 0.333333 0.500267
0.0325 0.4 0.56653
0.0325 0.466667 0.614071
0.0325 0.533333 0.637753
0.0325 0.6 0.634313
0.0325 0.666667 0.60283
0.0325 0.733333 0.544731
0.0325 0.8 0.463357
0.0325 0.866667 0.363259
0.0325 0.933333 0.249457
0.0325 1 0.126856
0.033 0 0.0812398
0.033 0.0666667 0.164138
0.033 0.133333 0.249358
0.033 0.2 0.335833
0.033 0.266667 0.42048
0.033 0.333333 0.498449
0.033 0.4 0.563824
0.033 0.466667 0.610623
0.033 0.533333 0.633834
0.033 0.6 0.630261
0.033 0.666667 0.598984
0.033 0.733333 0.541368
0.033 0.8 0.460651
0.033 0.866667 0.361279
0.033 0.933333 0.248185
0.033 1 0.126241
0.0335 0 0.0814794
0.0335 0.0666667 0.164474
0.0335 0.133333 0.24954
0.0335 0.2 0.335569
0.0335 0.266667 0.419515
0.0335 0.333333 0.496629
0.0335 0.4 0.56114
0.0335 0.466667 0.607215
0.0335 0.533333 0.629964
0.0335 0.6 0.626258
0.0335 0.666667 0.595178
0.0335 0.733333 0.53803
0.0335 0.8 0.457956
0.0335 0.866667 0.359296
0.0335 0.933333 0.246907
0.0335 1 0.12562
0.034 0 0.0816983
0.034 0.0666667 0.164773
0.034 0.133333 0.249679
0.034 0.2 0.335268
0.034 0.266667 0.418528
0.034 0.333333 0.494808
0.034 0.4 0.558476
0.034 0.466667 0.603844
0.034 0.533333 0.626141
0.034 0.6 0.622302
0.034 0.666667 0.591411
0.034 0.733333 0.534717
0.034 0.8 0.45527
0.034 0.866667 0.357312
0.034 0.933333 0.245621
0.034 1 0.124994
0.0345 0 0.0818972
0.0345 0.0666667 0.165038
0.0345 0.133333 0.249778
0.0345 0.2 0.334931
0.0345 0.266667 0.417519
0.0345 0.333333 0.492986
0.0345 0.4 0.555832
0.0345 0.466667 0.60051
0.0345 0.533333 0.622364
0.0345 0.6 0.618393
0.0345 0.666667 0.587683
0.0345 0.733333 0.531429
0.0345 0.8 0.452595
0.0345 0.866667 0.355328
0.0345 0.933333 0.24433
0.0345 1 0.124363
0.035 0 0.0820769
0.035 0.0666667 0.165269
0.035 0.133333 0.249837
0.035 0.2 0.334561
0.035 0.266667 0.41649
0.035 0.333333 0.491162
0.035 0.4 0.553207
0.035 0.466667 0.597212
0.035 0.533333 0.618633
0.035 0.6 0.614529
0.035 0.666667 0.583992
0.035 0.733333 0.528166
0.035 0.8 0.449932
0.035 0.866667 0.353344
0.035 0.933333 0.243034
0.035 1 0.123728
0.0355 0 0.082238
0.0355 0.0666667 0.165468
0.0355 0.133333 0.24986
0.0355 0.2 0.334157
0.0355 0.266667 0.415442
0.0355 0.333333 0.489337
0.0355 0.4 0.5506
0.0355 0.466667 0.593949
0.0355 0.533333 0.614944
0.0355 0.6 0.61071
0.0355 0.666667 0.580338
0.0355 0.733333 0.524928
0.0355 0.8 0.44728
0.0355 0.866667 0.351361
0.0355 0.933333 0.241734
0.0355 1 0.123089
0.036 0 0.0823813
0.036 0.0666667 0.165636
0.036 0.133333 0.249846
0.036 0.2 0.333722
0.036 0.266667 0.414374
0.036 0.333333 0.487512
0.036 0.4 0.548011
0.036 0.466667 0.590719
0.036 0.533333 0.611299
0.036 0.6 0.606933
0.036 0.666667 0.57672
0.036 0.733333 0.521715
0.036 0.8 0.44464
0.036 0.866667 0.34938
0.036 0.933333 0.240431
0.036 1 0.122447
0.0365 0 0.0825075
0.0365 0.0666667 0.165774
0.0365 0.133333 0.249798
0.0365 0.2 0.333256
0.0365 0.266667 0.413288
0.0365 0.333333 0.485686
0.0365 0.4 0.54544
0.0365 0.466667 0.587521
0.0365 0.533333 0.607694
0.0365 0.6 0.603198
0.0365 0.666667 0.573137
0.0365 0.733333 0.518526
0.0365 0.8 0.442012
0.0365 0.866667 0.347402
0.0365 0.933333 0.239125
0.0365 1 0.121802
0.037 0 0.0826171
0.037 0.0666667 0.165883
0.037 0.133333 0.249716
0.037 0.2 0.332761
0.037 0.266667 0.412185
0.037 0.333333 0.483859
0.037 0.4 0.542887
0.037 0.466667 0.584356
0.037 0.533333 0.604129
0.037 0.6 0.599504
0.037 0.666667 0.56959
0.037 0.733333 0.515361
0.037 0.8 0.439397
0.037 0.866667 0.345427
0.037 0.933333 0.237818
0.037 1 0.121155
0.0375 0 0.0827109
0.0375 0.0666667 0.165965
0.0375 0.133333 0.249602
0.0375 0.2 0.332238
0.0375 0.266667 0.411065
0.0375 0.333333 0.482031
0.0375 0.4 0.540349
0.0375 0.466667 0.581221
0.0375 0.533333 0.600604
0.0375 0.6 0.59585
0.0375 0.666667 0.566076
0.0375 0.733333 0.51222
0.0375 0.8 0.436795
0.0375 0.866667 0.343456
0.0375 0.933333 0.23651
0.0375 1 0.120506
0.038 0 0.0827894
0.038 0.0666667 0.16602
0.038 0.133333 0.249457
0.038 0.2 0.331687
0.038 0.266667 0.409929
0.038 0.333333 0.480204
0.038 0.4 0.537828
0.038 0.466667 0.578116
0.038 0.533333 0.597116
0.038 0.6 0.592234
0.038 0.666667 0.562596
0.038 0.733333 0.509103
0.038 0.8 0.434207
0.038 0.866667 0.34149
0.038 0.933333 0.235201
0.038 1 0.119855
0.0385 0 0.0828532
0.0385 0.0666667 0.16605
0.0385 0.133333 0.249283
0.0385 0.2 0.331111
0.0385 0.266667 0.408778
0.0385 0.333333 0.478376
0.0385 0.4 0.535323
0.0385 0.466667 0.57504
0.0385 0.533333 0.593665
0.0385 0.6 0.588657
0.0385 0.666667 0.559149
0.0385 0.733333 0.50601
0.0385 0.8 0.431632
0.0385 0.866667 0.339529
0.0385 0.933333 0.233892
0.0385 1 0.119204
0.039 0 0.0829029
0.039 0.0666667 0.166055
0.039 0.133333 0.24908
0.039 0.2 0.33051
0.039 0.266667 0.407612
0.039 0.333333 0.476548
0.039 0.4 0.532833
0.039 0.466667 0.571992
0.039 0.533333 0.59025
0.039 0.6 0.585117
0.039 0.666667 0.555735
0.039 0.733333 0.502941
0.039 0.8 0.42907
0.039 0.866667 0.337573
0.039 0.933333 0.232584
0.039 1 0.118551
0.0395 0 0.082939
0.0395 0.0666667 0.166037
0.0395 0.133333 0.24885
0.0395 0.2 0.329884
0.0395 0.266667 0.406432
0.0395 0.333333 0.47472
0.0395 0.4 0.530358
0.0395 0.466667 0.568972
0.0395 0.533333 0.58687
0.0395 0.6 0.581613
0.0395 0.666667 0.552352
0.0395 0.733333 0.499896
0.0395 0.8 0.426523
0.0395 0.866667 0.335624
0.0395 0.933333 0.231277
0.0395 1 0.117898
0.04 0 0.0829619
0.04 0.0666667 0.165996
0.04 0.133333 0.248593
0.04 0.2 0.329236
0.04 0.266667 0.405238
0.04 0.333333 0.472892
0.04 0.4 0.527898
0.04 0.466667 0.565978
0.04 0.533333 0.583524
0.04 0.6 0.578144
0.04 0.666667 0.549
0.04 0.733333 0.496873
0.04 0.8 0.423991
0.04 0.866667 0.333681
0.04 0.933333 0.229972
0.04 1 0.117245
0.0405 0 0.0829723
0.0405 0.0666667 0.165933
0.0405 0.133333 0.24831
0.0405 0.2 0.328565
0.0405 0.266667 0.404032
0.0405 0.333333 0.471064
0.0405 0.4 0.525452
0.0405 0.466667 0.563011
0.0405 0.533333 0.580211
0.0405 0.6 0.57471
0.0405 0.666667 0.545679
0.0405 0.733333 0.493874
0.0405 0.8 0.421472
0.0405 0.866667 0.331744
0.0405 0.933333 0.228669
0.0405 1 0.116592
0.041 0 0.0829706
0.041 0.0666667 0.165848
0.041 0.133333 0.248004
0.041 0.2 0.327873
0.041 0.266667 0.402813
0.041 0.333333 0.469237
0.041 0.4 0.523021
0.041 0.466667 0.560069
0.041 0.533333 0.576931
0.041 0.6 0.57131
0.041 0.666667 0.542388
0.041 0.733333 0.490898
0.041 0.8 0.418969
0.041 0.866667 0.329816
0.041 0.933333 0.227368
0.041 1 0.11594
0.0415 0 0.0829572
0.0415 0.0666667 0.165744
0.0415 0.133333 0.247673
0.0415 0.2 0.327161
0.0415 0.266667 0.401583
0.0415 0.333333 0.467411
0.0415 0.4 0.520602
0.0415 0.466667 0.557152
0.0415 0.533333 0.573682
0.0415 0.6 0.567943
0.0415 0.666667 0.539127
0.0415 0.733333 0.487944
0.0415 0.8 0.41648
0.0415 0.866667 0.327895
0.0415 0.933333 0.226071
0.0415 1 0.115288
0.042 0 0.0829326
0.042 0.0666667 0.16562
0.042 0.133333 0.247321
0.042 0.2 0.326429
0.042 0.266667 0.400341
0.042 0.333333 0.465585
0.042 0.4 0.518198
0.042 0.466667 0.554259
0.042 0.533333 0.570464
0.042 0.6 0.564608
0.042 0.666667 0.535895
0.042 0.733333 0.485014
0.042 0.8 0.414006
0.042 0.866667 0.325982
0.042 0.933333 0.224776
0.042 1 0.114637
0.0425 0 0.0828971
0.0425 0.0666667 0.165477
0.0425 0.133333 0.246946
0.0425 0.2 0.325678
0.0425 0.266667 0.399088
0.0425 0.333333 0.46376
0.0425 0.4 0.515806
0.0425 0.466667 0.55139
0.0425 0.533333 0.567277
0.0425 0.6 0.561306
0.0425 0.666667 0.532692
0.0425 0.733333 0.482105
0.0425 0.8 0.411547
0.0425 0.866667 0.324077
0.0425 0.933333 0.223485
0.0425 1 0.113987
0.043 0 0.0828514
0.043 0.0666667 0.165317
0.043 0.133333 0.246551
0.043 0.2 0.324909
0.043 0.266667 0.397826
0.043 0.333333 0.461935
0.043 0.4 0.513427
0.043 0.466667 0.548544
0.043 0.533333 0.564118
0.043 0.6 0.558034
0.043 0.666667 0.529517
0.043 0.733333 0.479219
0.043 0.8 0.409103
0.043 0.866667 0.322181
0.043 0.933333 0.222198
0.043 1 0.113338
0.0435 0 0.0827956
0.0435 0.0666667 0.165139
0.0435 0.133333 0.246135
0.0435 0.2 0.324123
0.0435 0.266667 0.396553
0.0435 0.333333 0.460112
0.0435 0.4 0.511061
0.0435 0.466667 0.54572
0.0435 0.533333 0.560988
0.0435 0.6 0.554792
0.0435 0.666667 0.526369
0.0435 0.733333 0.476356
0.0435 0.8 0.406675
0.0435 0.866667 0.320294
0.0435 0.933333 0.220915
0.0435 1 0.112691
0.044 0 0.0827302
0.044 0.0666667 0.164944
0.044 0.133333 0.2457
0.044 0.2 0.32332
0.044 0.266667 0.395271
0.044 0.333333 0.45829
0.044 0.4 0.508707
0.044 0.466667 0.542918
0.044 0.533333 0.557887
0.044 0.6 0.55158
0.044 0.666667 0.52325
0.044 0.733333 0.473514
0.044 0.8 0.404262
0.044 0.866667 0.318416
0.044 0.933333 0.219637
0.044 1 0.112046
0.0445 0 0.0826556
0.0445 0.0666667 0.164734
0.0445 0.133333 0.245247
0.0445 0.2 0.322501
0.0445 0.266667 0.39398
0.0445 0.333333 0.456469
0.0445 0.4 0.506365
0.0445 0.466667 0.540138
0.0445 0.533333 0.554813
0.0445 0.6 0.548398
0.0445 0.666667 0.520157
0.0445 0.733333 0.470694
0.0445 0.8 0.401864
0.0445 0.866667 0.316547
0.0445 0.933333 0.218364
0.0445 1 0.111402
0.045 0 0.0825721
0.045 0.0666667 0.164507
0.045 0.133333 0.244776
0.045 0.2 0.321666
0.045 0.266667 0.392681
0.045 0.333333 0.454649
0.045 0.4 0.504035
0.045 0.466667 0.537378
0.045 0.533333 0.551765
0.045 0.6 0.545244
0.045 0.666667 0.51709
0.045 0.733333 0.467895
0.045 0.8 0.399481
0.045 0.866667 0.314688
0.045 0.933333 0.217095
0.045 1 0.11076
0.0455 0 0.0824801
0.0455 0.0666667 0.164267
0.0455 0.133333 0.244288
0.0455 0.2 0.320817
0.0455 0.266667 0.391374
0.0455 0.333333 0.452831
0.0455 0.4 0.501717
0.0455 0.466667 0.534639
0.0455 0.533333 0.548744
0.0455 0.6 0.542118
0.0455 0.666667 0.51405
0.0455 0.733333 0.465118
0.0455 0.8 0.397114
0.0455 0.866667 0.312838
0.0455 0.933333 0.215832
0.0455 1 0.110121
0.046 0 0.0823799
0.046 0.0666667 0.164012
0.046 0.133333 0.243783
0.046 0.2 0.319954
0.046 0.266667 0.390059
0.046 0.333333 0.451015
0.046 0.4 0.49941
0.046 0.466667 0.53192
0.046 0.533333 0.545748
0.046 0.6 0.53902
0.046 0.666667 0.511035
0.046 0.733333 0.462362
0.046 0.8 0.394763
0.046 0.866667 0.310999
0.046 0.933333 0.214574
0.046 1 0.109484
0.0465 0 0.0822718
0.0465 0.0666667 0.163743
0.0465 0.133333 0.243263
0.0465 0.2 0.319078
0.0465 0.266667 0.388737
0.0465 0.333333 0.4492
0.0465 0.4 0.497115
0.0465 0.466667 0.52922
0.0465 0.533333 0.542778
0.0465 0.6 0.535948
0.0465 0.666667 0.508045
0.0465 0.733333 0.459627
0.0465 0.8 0.392427
0.0465 0.866667 0.309169
0.0465 0.933333 0.213322
0.0465 1 0.108849
0.047 0 0.0821561
0.047 0.0666667 0.163461
0.047 0.133333 0.242728
0.047 0.2 0.318188
0.047 0.266667 0.387408
0.047 0.333333 0.447387
0.047 0.4 0.49483
0.047 0.466667 0.52654
0.047 0.533333 0.539832
0.047 0.6 0.532903
0.047 0.666667 0.505081
0.047 0.733333 0.456913
0.047 0.8 0.390107
0.047 0.866667 0.30735
0.047 0.933333 0.212076
0.047 1 0.108217
0.0475 0 0.0820331
0.0475 0.0666667 0.163166
0.0475 0.133333 0.242178
0.0475 0.2 0.317286
0.0475 0.266667 0.386073
0.0475 0.333333 0.445575
0.0475 0.4 0.492557
0.0475 0.466667 0.523879
0.0475 0.533333 0.53691
0.0475 0.6 0.529884
0.0475 0.666667 0.502141
0.0475 0.733333 0.45422
0.0475 0.8 0.387802
0.0475 0.866667 0.305541
0.0475 0.933333 0.210835
0.0475 1 0.107587
0.048 0 0.0819031
0.048 0.0666667 0.16286
0.048 0.133333 0.241614
0.048 0.2 0.316373
0.048 0.266667 0.384731
0.048 0.333333 0.443766
0.048 0.4 0.490294
0.048 0.466667 0.521236
0.048 0.533333 0.534012
0.048 0.6 0.52689
0.048 0.666667 0.499225
0.048 0.733333 0.451547
0.048 0.8 0.385513
0.048 0.866667 0.303743
0.048 0.933333 0.209601
0.048 1 0.10696
0.0485 0 0.0817663
0.0485 0.0666667 0.162541
0.0485 0.133333 0.241036
0.0485 0.2 0.315448
0.0485 0.266667 0.383384
0.0485 0.333333 0.441959
0.0485 0.4 0.488042
0.0485 0.466667 0.518611
0.0485 0.533333 0.531137
0.0485 0.6 0.523922
0.0485 0.666667 0.496333
0.0485 0.733333 0.448895
0.0485 0.8 0.383239
0.0485 0.866667 0.301955
0.0485 0.933333 0.208373
0.0485 1 0.106336
0.049 0 0.0816231
0.049 0.0666667 0.162212
0.049 0.133333 0.240446
0.049 0.2 0.314512
0.049 0.266667 0.382031
0.049 0.333333 0.440154
0.049 0.4 0.4858
0.049 0.466667 0.516004
0.049 0.533333 0.528284
0.049 0.6 0.520978
0.049 0.666667 0.493465
0.049 0.733333 0.446262
0.049 0.8 0.380981
0.049 0.866667 0.300178
0.049 0.933333 0.207151
0.049 1 0.105715
0.0495 0 0.0814736
0.0495 0.0666667 0.161872
0.0495 0.133333 0.239844
0.0495 0.2 0.313566
0.0495 0.266667 0.380673
0.0495 0.333333 0.438351
0.0495 0.4 0.483569
0.0495 0.466667 0.513414
0.0495 0.533333 0.525454
0.0495 0.6 0.518058
0.0495 0.666667 0.49062
0.0495 0.733333 0.44365
0.0495 0.8 0.378738
0.0495 0.866667 0.298412
0.0495 0.933333 0.205936
0.0495 1 0.105096
0.05 0 0.0813182
0.05 0.0666667 0.161521
0.05 0.133333 0.23923
0.05 0.2 0.31261
0.05 0.266667 0.379311
0.05 0.333333 0.43655
0.05 0.4 0.481347
0.05 0.466667 0.510841
0.05 0.533333 0.522645
0.05 0.6 0.515162
0.05 0.666667 0.487797
0.05 0.733333 0.441057
0.05 0.8 0.376511
0.05 0.866667 0.296656
0.05 0.933333 0.204727
0.05 1 0.104481
0.0505 0 0.0811571
0.0505 0.0666667 0.161161
0.0505 0.133333 0.238604
0.0505 0.2 0.311645
0.0505 0.266667 0.377944
0.0505 0.333333 0.434752
0.0505 0.4 0.479136
0.0505 0.466667 0.508285
0.0505 0.533333 0.519858
0.0505 0.6 0.512289
0.0505 0.666667 0.484998
0.0505 0.733333 0.438484
0.0505 0.8 0.374299
0.0505 0.866667 0.294911
0.0505 0.933333 0.203525
0.0505 1 0.103869
0.051 0 0.0809904
0.051 0.0666667 0.160791
0.051 0.133333 0.237968
0.051 0.2 0.310671
0.051 0.266667 0.376572
0.051 0.333333 0.432957
0.051 0.4 0.476935
0.051 0.466667 0.505745
0.051 0.533333 0.517092
0.051 0.6 0.509439
0.051 0.666667 0.48222
0.051 0.733333 0.435931
0.051 0.8 0.372102
0.051 0.866667 0.293177
0.051 0.933333 0.20233
0.051 1 0.10326
0.0515 0 0.0808185
0.0515 0.0666667 0.160412
0.0515 0.133333 0.237322
0.0515 0.2 0.309688
0.0515 0.266667 0.375197
0.0515 0.333333 0.431164
0.0515 0.4 0.474743
0.0515 0.466667 0.503222
0.0515 0.533333 0.514347
0.0515 0.6 0.506612
0.0515 0.666667 0.479464
0.0515 0.733333 0.433396
0.0515 0.8 0.369921
0.0515 0.866667 0.291455
0.0515 0.933333 0.201142
0.0515 1 0.102655
0.052 0 0.0806414
0.052 0.0666667 0.160024
0.052 0.133333 0.236665
0.052 0.2 0.308697
0.052 0.266667 0.373818
0.052 0.333333 0.429374
0.052 0.4 0.472561
0.052 0.466667 0.500714
0.052 0.533333 0.511621
0.052 0.6 0.503807
0.052 0.666667 0.47673
0.052 0.733333 0.430881
0.052 0.8 0.367754
0.052 0.866667 0.289743
0.052 0.933333 0.199961
0.052 1 0.102053
0.0525 0 0.0804595
0.0525 0.0666667 0.159628
0.0525 0.133333 0.235999
0.0525 0.2 0.307699
0.0525 0.266667 0.372436
0.0525 0.333333 0.427587
0.0525 0.4 0.470389
0.0525 0.466667 0.498222
0.0525 0.533333 0.508916
0.0525 0.6 0.501023
0.0525 0.666667 0.474018
0.0525 0.733333 0.428384
0.0525 0.8 0.365604
0.0525 0.866667 0.288042
0.0525 0.933333 0.198787
0.0525 1 0.101454
0.053 0 0.080273
0.053 0.0666667 0.159224
0.053 0.133333 0.235324
0.053 0.2 0.306693
0.053 0.266667 0.371051
0.053 0.333333 0.425802
0.053 0.4 0.468226
0.053 0.466667 0.495745
0.053 0.533333 0.50623
0.053 0.6 0.498262
0.053 0.666667 0.471326
0.053 0.733333 0.425907
0.053 0.8 0.363468
0.053 0.866667 0.286352
0.053 0.933333 0.197619
0.053 1 0.100858
0.0535 0 0.0800819
0.0535 0.0666667 0.158812
0.0535 0.133333 0.23464
0.0535 0.2 0.30568
0.0535 0.266667 0.369663
0.0535 0.333333 0.424021
0.0535 0.4 0.466072
0.0535 0.466667 0.493284
0.0535 0.533333 0.503564
0.0535 0.6 0.495521
0.0535 0.666667 0.468655
0.0535 0.733333 0.423447
0.0535 0.8 0.361347
0.0535 0.866667 0.284674
0.0535 0.933333 0.196459
0.0535 1 0.100266
0.054 0 0.0798865
0.054 0.0666667 0.158393
0.054 0.133333 0.233948
0.054 0.2 0.30466
0.054 0.266667 0.368272
0.054 0.333333 0.422243
0.054 0.4 0.463928
0.054 0.466667 0.490837
0.054 0.533333 0.500916
0.054 0.6 0.492801
0.054 0.666667 0.466005
0.054 0.733333 0.421006
0.054 0.8 0.359241
0.054 0.866667 0.283006
0.054 0.933333 0.195306
0.054 1 0.0996777
0.0545 0 0.0796871
0.0545 0.0666667 0.157966
0.0545 0.133333 0.233248
0.0545 0.2 0.303634
0.0545 0.266667 0.366879
0.0545 0.333333 0.420467
0.0545 0.4 0.461793
0.0545 0.466667 0.488405
0.0545 0.533333 0.498287
0.0545 0.6 0.490102
0.0545 0.666667 0.463374
0.0545 0.733333 0.418583
0.0545 0.8 0.35715
0.0545 0.866667 0.281349
0.0545 0.933333 0.194161
0.0545 1 0.0990926
0.055 0 0.0794836
0.055 0.0666667 0.157533
0.055 0.133333 0.232541
0.055 0.2 0.302602
0.055 0.266667 0.365483
0.055 0.333333 0.418695
0.055 0.4 0.459667
0.055 0.466667 0.485988
0.055 0.533333 0.495676
0.055 0.6 0.487422
0.055 0.666667 0.460764
0.055 0.733333 0.416179
0.055 0.8 0.355074
0.055 0.866667 0.279704
0.055 0.933333 0.193022
0.055 1 0.0985111
0.0555 0 0.0792764
0.0555 0.0666667 0.157094
0.0555 0.133333 0.231826
0.0555 0.2 0.301565
0.0555 0.266667 0.364086
0.0555 0.333333 0.416927
0.0555 0.4 0.45755
0.0555 0.466667 0.483584
0.0555 0.533333 0.493084
0.0555 0.6 0.484763
0.0555 0.666667 0.458174
0.0555 0.733333 0.413792
0.0555 0.8 0.353013
0.0555 0.866667 0.278069
0.0555 0.933333 0.191891
0.0555 1 0.0979331
0.056 0 0.0790655
0.056 0.0666667 0.156648
0.056 0.133333 0.231104
0.056 0.2 0.300522
0.056 0.266667 0.362687
0.056 0.333333 0.415161
0.056 0.4 0.455442
0.056 0.466667 0.481195
0.056 0.533333 0.490509
0.056 0.6 0.482123
0.056 0.666667 0.455603
0.056 0.733333 0.411422
0.056 0.8 0.350966
0.056 0.866667 0.276446
0.056 0.933333 0.190767
0.056 1 0.0973586
0.0565 0 0.0788512
0.0565 0.0666667 0.156196
0.0565 0.133333 0.230376
0.0565 0.2 0.299474
0.0565 0.266667 0.361287
0.0565 0.333333 0.413399
0.0565 0.4 0.453342
0.0565 0.466667 0.478819
0.0565 0.533333 0.487951
0.0565 0.6 0.479503
0.0565 0.666667 0.453051
0.0565 0.733333 0.40907
0.0565 0.8 0.348934
0.0565 0.866667 0.274833
0.0565 0.933333 0.18965
0.0565 1 0.0967878
0.057 0 0.0786336
0.057 0.0666667 0.155739
0.057 0.133333 0.229642
0.057 0.2 0.298421
0.057 0.266667 0.359885
0.057 0.333333 0.411641
0.057 0.4 0.451252
0.057 0.466667 0.476457
0.057 0.533333 0.485411
0.057 0.6 0.476901
0.057 0.666667 0.450518
0.057 0.733333 0.406736
0.057 0.8 0.346916
0.057 0.866667 0.273232
0.057 0.933333 0.18854
0.057 1 0.0962205
0.0575 0 0.0784127
0.0575 0.0666667 0.155276
0.0575 0.133333 0.228902
0.0575 0.2 0.297364
0.0575 0.266667 0.358482
0.0575 0.333333 0.409886
0.0575 0.4 0.44917
0.0575 0.466667 0.474109
0.0575 0.533333 0.482887
0.0575 0.6 0.474318
0.0575 0.666667 0.448004
0.0575 0.733333 0.404418
0.0575 0.8 0.344913
0.0575 0.866667 0.271641
0.0575 0.933333 0.187438
0.0575 1 0.0956569
0.058 0 0.0781889
0.058 0.0666667 0.154808
0.058 0.133333 0.228155
0.058 0.2 0.296303
0.058 0.266667 0.357079
0.058 0.333333 0.408135
0.058 0.4 0.447097
0.058 0.466667 0.471774
0.058 0.533333 0.480381
0.058 0.6 0.471754
0.058 0.666667 0.445508
0.058 0.733333 0.402118
0.058 0.8 0.342923
0.058 0.866667 0.270062
0.058 0.933333 0.186343
0.058 1 0.0950968
0.0585 0 0.0779621
0.0585 0.0666667 0.154335
0.0585 0.133333 0.227404
0.0585 0.2 0.295238
0.0585 0.266667 0.355674
0.0585 0.333333 0.406387
0.0585 0.4 0.445033
0.0585 0.466667 0.469452
0.0585 0.533333 0.47789
0.0585 0.6 0.469208
0.0585 0.666667 0.443031
0.0585 0.733333 0.399834
0.0585 0.8 0.340949
0.0585 0.866667 0.268493
0.0585 0.933333 0.185255
0.0585 1 0.0945404
0.059 0 0.0777325
0.059 0.0666667 0.153858
0.059 0.133333 0.226648
0.059 0.2 0.294169
0.059 0.266667 0.354269
0.059 0.333333 0.404643
0.059 0.4 0.442977
0.059 0.466667 0.467143
0.059 0.533333 0.475416
0.059 0.6 0.46668
0.059 0.666667 0.440571
0.059 0.733333 0.397567
0.059 0.8 0.338988
0.059 0.866667 0.266935
0.059 0.933333 0.184175
0.059 1 0.0939876
0.0595 0 0.0775003
0.0595 0.0666667 0.153376
0.0595 0.133333 0.225886
0.0595 0.2 0.293096
0.0595 0.266667 0.352864
0.0595 0.333333 0.402904
0.0595 0.4 0.44093
0.0595 0.466667 0.464846
0.0595 0.533333 0.472958
0.0595 0.6 0.46417
0.0595 0.666667 0.43813
0.0595 0.733333 0.395317
0.0595 0.8 0.337041
0.0595 0.866667 0.265388
0.0595 0.933333 0.183102
0.0595 1 0.0934385
0.06 0 0.0772655
0.06 0.0666667 0.15289
0.06 0.133333 0.22512
0.06 0.2 0.292021
0.06 0.266667 0.351458
0.06 0.333333 0.401168
0.06 0.4 0.438891
0.06 0.466667 0.462563
0.06 0.533333 0.470516
0.06 0.6 0.461677
0.06 0.666667 0.435706
0.06 0.733333 0.393082
0.06 0.8 0.335108
0.06 0.866667 0.263851
0.06 0.933333 0.182036
0.06 1 0.0928929
0.0605 0 0.0770283
0.0605 0.0666667 0.152399
0.0605 0.133333 0.22435
0.0605 0.2 0.290942
0.0605 0.266667 0.350052
0.0605 0.333333 0.399436
0.0605 0.4 0.436861
0.0605 0.466667 0.460291
0.0605 0.533333 0.46809
0.0605 0.6 0.459202
0.0605 0.666667 0.4333
0.0605 0.733333 0.390864
0.0605 0.8 0.333188
0.0605 0.866667 0.262325
0.0605 0.933333 0.180977
0.0605 1 0.092351
0.061 0 0.0767888
0.061 0.0666667 0.151905
0.061 0.133333 0.223576
0.061 0.2 0.289861
0.061 0.266667 0.348647
0.061 0.333333 0.397708
0.061 0.4 0.434838
0.061 0.466667 0.458032
0.061 0.533333 0.465679
0.061 0.6 0.456743
0.061 0.666667 0.430911
0.061 0.733333 0.388662
0.061 0.8 0.331283
0.061 0.866667 0.26081
0.061 0.933333 0.179925
0.061 1 0.0918127
0.0615 0 0.0765472
0.0615 0.0666667 0.151407
0.0615 0.133333 0.222798
0.0615 0.2 0.288778
0.0615 0.266667 0.347242
0.0615 0.333333 0.395984
0.0615 0.4 0.432825
0.0615 0.466667 0.455786
0.0615 0.533333 0.463282
0.0615 0.6 0.454301
0.0615 0.666667 0.428539
0.0615 0.733333 0.386476
0.0615 0.8 0.329391
0.0615 0.866667 0.259306
0.0615 0.933333 0.178881
0.0615 1 0.091278
0.062 0 0.0763034
0.062 0.0666667 0.150906
0.062 0.133333 0.222016
0.062 0.2 0.287692
0.062 0.266667 0.345837
0.062 0.333333 0.394264
0.062 0.4 0.430819
0.062 0.466667 0.453551
0.062 0.533333 0.460901
0.062 0.6 0.451876
0.062 0.666667 0.426183
0.062 0.733333 0.384305
0.062 0.8 0.327512
0.062 0.866667 0.257812
0.062 0.933333 0.177844
0.062 1 0.090747
0.0625 0 0.0760576
0.0625 0.0666667 0.150401
0.0625 0.133333 0.221231
0.0625 0.2 0.286603
0.0625 0.266667 0.344433
0.0625 0.333333 0.392548
0.0625 0.4 0.428822
0.0625 0.466667 0.451328
0.0625 0.533333 0.458535
0.0625 0.6 0.449468
0.0625 0.666667 0.423844
0.0625 0.733333 0.38215
0.0625 0.8 0.325647
0.0625 0.866667 0.256328
0.0625 0.933333 0.176814
0.0625 1 0.0902195
0.063 0 0.0758099
0.063 0.0666667 0.149893
0.063 0.133333 0.220442
0.063 0.2 0.285513
0.063 0.266667 0.343029
0.063 0.333333 0.390837
0.063 0.4 0.426832
0.063 0.466667 0.449118
0.063 0.533333 0.456184
0.063 0.6 0.447076
0.063 0.666667 0.421522
0.063 0.733333 0.38001
0.063 0.8 0.323795
0.063 0.866667 0.254855
0.063 0.933333 0.175791
0.063 1 0.0896956
0.0635 0 0.0755605
0.0635 0.0666667 0.149383
0.0635 0.133333 0.219651
0.0635 0.2 0.284422
0.0635 0.266667 0.341626
0.0635 0.333333 0.38913
0.0635 0.4 0.424851
0.0635 0.466667 0.446918
0.0635 0.533333 0.453846
0.0635 0.6 0.444699
0.0635 0.666667 0.419216
0.0635 0.733333 0.377885
0.0635 0.8 0.321956
0.0635 0.866667 0.253392
0.0635 0.933333 0.174775
0.0635 1 0.0891753
0.064 0 0.0753093
0.064 0.0666667 0.148869
0.064 0.133333 0.218856
0.064 0.2 0.283328
0.064 0.266667 0.340225
0.064 0.333333 0.387428
0.064 0.4 0.422878
0.064 0.466667 0.444731
0.064 0.533333 0.451524
0.064 0.6 0.442339
0.064 0.666667 0.416926
0.064 0.733333 0.375776
0.064 0.8 0.32013
0.064 0.866667 0.251939
0.064 0.933333 0.173766
0.064 1 0.0886586
0.0645 0 0.0750565
0.0645 0.0666667 0.148353
0.0645 0.133333 0.218059
0.0645 0.2 0.282234
0.0645 0.266667 0.338824
0.0645 0.333333 0.385729
0.0645 0.4 0.420913
0.0645 0.466667 0.442555
0.0645 0.533333 0.449215
0.0645 0.6 0.439994
0.0645 0.666667 0.414652
0.0645 0.733333 0.373681
0.0645 0.8 0.318318
0.0645 0.866667 0.250497
0.0645 0.933333 0.172764
0.0645 1 0.0881454
0.065 0 0.0748021
0.065 0.0666667 0.147834
0.065 0.133333 0.21726
0.065 0.2 0.281138
0.065 0.266667 0.337424
0.065 0.333333 0.384036
0.065 0.4 0.418956
0.065 0.466667 0.44039
0.065 0.533333 0.44692
0.065 0.6 0.437664
0.065 0.666667 0.412394
0.065 0.733333 0.371602
0.065 0.8 0.316518
0.065 0.866667 0.249064
0.065 0.933333 0.171769
0.065 1 0.0876357
0.0655 0 0.0745463
0.0655 0.0666667 0.147313
0.0655 0.133333 0.216458
0.0655 0.2 0.280041
0.0655 0.266667 0.336026
0.0655 0.333333 0.382346
0.0655 0.4 0.417008
0.0655 0.466667 0.438236
0.0655 0.533333 0.444639
0.0655 0.6 0.43535
0.0655 0.666667 0.410151
0.0655 0.733333 0.369536
0.0655 0.8 0.31473
0.0655 0.866667 0.247642
0.0655 0.933333 0.170781
0.0655 1 0.0871296
0.066 0 0.0742892
0.066 0.0666667 0.14679
0.066 0.133333 0.215654
0.066 0.2 0.278943
0.066 0.266667 0.33463
0.066 0.333333 0.380662
0.066 0.4 0.415067
0.066 0.466667 0.436094
0.066 0.533333 0.442372
0.066 0.6 0.433051
0.066 0.666667 0.407923
0.066 0.733333 0.367486
0.066 0.8 0.312956
0.066 0.866667 0.24623
0.066 0.933333 0.1698
0.066 1 0.086627
0.0665 0 0.0740307
0.0665 0.0666667 0.146264
0.0665 0.133333 0.214849
0.0665 0.2 0.277845
0.0665 0.266667 0.333235
0.0665 0.333333 0.378982
0.0665 0.4 0.413134
0.0665 0.466667 0.433963
0.0665 0.533333 0.440118
0.0665 0.6 0.430767
0.0665 0.666667 0.405711
0.0665 0.733333 0.365449
0.0665 0.8 0.311193
0.0665 0.866667 0.244828
0.0665 0.933333 0.168825
0.0665 1 0.0861278
0.067 0 0.073771
0.067 0.0666667 0.145737
0.067 0.133333 0.214041
0.067 0.2 0.276745
0.067 0.266667 0.331841
0.067 0.333333 0.377306
0.067 0.4 0.411208
0.067 0.466667 0.431842
0.067 0.533333 0.437877
0.067 0.6 0.428498
0.067 0.666667 0.403514
0.067 0.733333 0.363427
0.067 0.8 0.309443
0.067 0.866667 0.243435
0.067 0.933333 0.167858
0.067 1 0.0856322
0.0675 0 0.0735102
0.0675 0.0666667 0.145208
0.0675 0.133333 0.213232
0.0675 0.2 0.275646
0.0675 0.266667 0.330449
0.0675 0.333333 0.375635
0.0675 0.4 0.409291
0.0675 0.466667 0.429733
0.0675 0.533333 0.43565
0.0675 0.6 0.426243
0.0675 0.666667 0.401331
0.0675 0.733333 0.361419
0.0675 0.8 0.307706
0.0675 0.866667 0.242052
0.0675 0.933333 0.166897
0.0675 1 0.0851399
0.068 0 0.0732483
0.068 0.0666667 0.144677
0.068 0.133333 0.212421
0.068 0.2 0.274546
0.068 0.266667 0.32906
0.068 0.333333 0.373969
0.068 0.4 0.407382
0.068 0.466667 0.427634
0.068 0.533333 0.433435
0.068 0.6 0.424002
0.068 0.666667 0.399164
0.068 0.733333 0.359425
0.068 0.8 0.305981
0.068 0.866667 0.240679
0.068 0.933333 0.165943
0.068 1 0.0846512
0.0685 0 0.0729854
0.0685 0.0666667 0.144145
0.0685 0.133333 0.211609
0.0685 0.2 0.273446
0.0685 0.266667 0.327672
0.0685 0.333333 0.372308
0.0685 0.4 0.40548
0.0685 0.466667 0.425546
0.0685 0.533333 0.431234
0.0685 0.6 0.421776
0.0685 0.666667 0.397011
0.0685 0.733333 0.357444
0.0685 0.8 0.304267
0.0685 0.866667 0.239316
0.0685 0.933333 0.164996
0.0685 1 0.0841658
0.069 0 0.0727215
0.069 0.0666667 0.143611
0.069 0.133333 0.210796
0.069 0.2 0.272347
0.069 0.266667 0.326286
0.069 0.333333 0.370651
0.069 0.4 0.403586
0.069 0.466667 0.423468
0.069 0.533333 0.429045
0.069 0.6 0.419564
0.069 0.666667 0.394872
0.069 0.733333 0.355478
0.069 0.8 0.302566
0.069 0.866667 0.237962
0.069 0.933333 0.164055
0.069 1 0.0836838
0.0695 0 0.0724567
0.0695 0.0666667 0.143076
0.0695 0.133333 0.209982
0.0695 0.2 0.271247
0.0695 0.266667 0.324903
0.0695 0.333333 0.369
0.0695 0.4 0.4017
0.0695 0.466667 0.421401
0.0695 0.533333 0.426869
0.0695 0.6 0.417366
0.0695 0.666667 0.392748
0.0695 0.733333 0.353524
0.0695 0.8 0.300876
0.0695 0.866667 0.236618
0.0695 0.933333 0.163121
0.0695 1 0.0832051
0.07 0 0.0721912
0.07 0.0666667 0.142539
0.07 0.133333 0.209167
0.07 0.2 0.270147
0.07 0.266667 0.323521
0.07 0.333333 0.367353
0.07 0.4 0.399822
0.07 0.466667 0.419344
0.07 0.533333 0.424706
0.07 0.6 0.415182
0.07 0.666667 0.390637
0.07 0.733333 0.351584
0.07 0.8 0.299199
0.07 0.866667 0.235283
0.07 0.933333 0.162194
0.07 1 0.0827299
0.0705 0 0.0719248
0.0705 0.0666667 0.142002
0.0705 0.133333 0.208351
0.0705 0.2 0.269048
0.0705 0.266667 0.322143
0.0705 0.333333 0.365711
0.0705 0.4 0.397951
0.0705 0.466667 0.417298
0.0705 0.533333 0.422555
0.0705 0.6 0.413012
0.0705 0.666667 0.388541
0.0705 0.733333 0.349658
0.0705 0.8 0.297533
0.0705 0.866667 0.233957
0.0705 0.933333 0.161272
0.0705 1 0.0822579
0.071 0 0.0716578
0.071 0.0666667 0.141463
0.071 0.133333 0.207534
0.071 0.2 0.26795
0.071 0.266667 0.320766
0.071 0.333333 0.364074
0.071 0.4 0.396088
0.071 0.466667 0.415262
0.071 0.533333 0.420416
0.071 0.6 0.410855
0.071 0.666667 0.386458
0.071 0.733333 0.347744
0.071 0.8 0.295878
0.071 0.866667 0.232641
0.071 0.933333 0.160358
0.071 1 0.0817892
0.0715 0 0.0713901
0.0715 0.0666667 0.140923
0.0715 0.133333 0.206717
0.0715 0.2 0.266851
0.0715 0.266667 0.319392
0.0715 0.333333 0.362442
0.0715 0.4 0.394233
0.0715 0.466667 0.413236
0.0715 0.533333 0.41829
0.0715 0.6 0.408711
0.0715 0.666667 0.384389
0.0715 0.733333 0.345844
0.0715 0.8 0.294235
0.0715 0.866667 0.231334
0.0715 0.933333 0.15945
0.0715 1 0.0813238
0.072 0 0.0711218
0.072 0.0666667 0.140383
0.072 0.133333 0.205899
0.072 0.2 0.265754
0.072 0.266667 0.318021
0.072 0.333333 0.360815
0.072 0.4 0.392385
0.072 0.466667 0.41122
0.072 0.533333 0.416176
0.072 0.6 0.406581
0.072 0.666667 0.382334
0.072 0.733333 0.343956
0.072 0.8 0.292603
0.072 0.866667 0.230036
0.072 0.933333 0.158548
0.072 1 0.0808617
0.0725 0 0.0708529
0.0725 0.0666667 0.139842
0.0725 0.133333 0.205081
0.0725 0.2 0.264658
0.0725 0.266667 0.316652
0.0725 0.333333 0.359193
0.0725 0.4 0.390545
0.0725 0.466667 0.409215
0.0725 0.533333 0.414073
0.0725 0.6 0.404463
0.0725 0.666667 0.380292
0.0725 0.733333 0.342081
0.0725 0.8 0.290983
0.0725 0.866667 0.228747
0.0725 0.933333 0.157652
0.0725 1 0.0804028
0.073 0 0.0705835
0.073 0.0666667 0.1393
0.073 0.133333 0.204263
0.073 0.2 0.263562
0.073 0.266667 0.315286
0.073 0.333333 0.357576
0.073 0.4 0.388712
0.073 0.466667 0.407219
0.073 0.533333 0.411982
0.073 0.6 0.402359
0.073 0.666667 0.378263
0.073 0.733333 0.340219
0.073 0.8 0.289373
0.073 0.866667 0.227467
0.073 0.933333 0.156763
0.073 1 0.0799471
0.0735 0 0.0703137
0.0735 0.0666667 0.138758
0.0735 0.133333 0.203444
0.0735 0.2 0.262467
0.0735 0.266667 0.313923
0.0735 0.333333 0.355964
0.0735 0.4 0.386887
0.0735 0.466667 0.405233
0.0735 0.533333 0.409904
0.0735 0.6 0.400268
0.0735 0.666667 0.376248
0.0735 0.733333 0.338369
0.0735 0.8 0.287775
0.0735 0.866667 0.226195
0.0735 0.933333 0.15588
0.0735 1 0.0794946
0.074 0 0.0700435
0.074 0.0666667 0.138215
0.074 0.133333 0.202626
0.074 0.2 0.261374
0.074 0.266667 0.312562
0.074 0.333333 0.354358
0.074 0.4 0.38507
0.074 0.466667 0.403257
0.074 0.533333 0.407836
0.074 0.6 0.398189
0.074 0.666667 0.374245
0.074 0.733333 0.336532
0.074 0.8 0.286188
0.074 0.866667 0.224933
0.074 0.933333 0.155003
0.074 1 0.0790453
0.0745 0 0.069773
0.0745 0.0666667 0.137671
0.0745 0.133333 0.201808
0.0745 0.2 0.260282
0.0745 0.266667 0.311205
0.0745 0.333333 0.352756
0.0745 0.4 0.38326
0.0745 0.466667 0.401291
0.0745 0.533333 0.405781
0.0745 0.6 0.396123
0.0745 0.666667 0.372256
0.0745 0.733333 0.334707
0.0745 0.8 0.284611
0.0745 0.866667 0.223679
0.0745 0.933333 0.154132
0.0745 1 0.0785991
0.075 0 0.0695021
0.075 0.0666667 0.137128
0.075 0.133333 0.200989
0.075 0.2 0.259191
0.075 0.266667 0.309851
0.075 0.333333 0.35116
0.075 0.4 0.381458
0.075 0.466667 0.399334
0.075 0.533333 0.403736
0.075 0.6 0.39407
0.075 0.666667 0.370279
0.075 0.733333 0.332894
0.075 0.8 0.283045
0.075 0.866667 0.222434
0.075 0.933333 0.153267
0.075 1 0.078156
0.0755 0 0.069231
0.0755 0.0666667 0.136584
0.0755 0.133333 0.200171
0.0755 0.2 0.258101
0.0755 0.266667 0.3085
0.0755 0.333333 0.349569
0.0755 0.4 0.379663
0.0755 0.466667 0.397387
0.0755 0.533333 0.401703
0.0755 0.6 0.392029
0.0755 0.666667 0.368314
0.0755 0.733333 0.331093
0.0755 0.8 0.28149
0.0755 0.866667 0.221198
0.0755 0.933333 0.152408
0.0755 1 0.077716
0.076 0 0.0689596
0.076 0.0666667 0.13604
0.076 0.133333 0.199354
0.076 0.2 0.257013
0.076 0.266667 0.307151
0.076 0.333333 0.347983
0.076 0.4 0.377875
0.076 0.466667 0.39545
0.076 0.533333 0.399682
0.076 0.6 0.39
0.076 0.666667 0.366363
0.076 0.733333 0.329304
0.076 0.8 0.279945
0.076 0.866667 0.21997
0.076 0.933333 0.151555
0.076 1 0.077279
0.0765 0 0.068688
0.0765 0.0666667 0.135496
0.0765 0.133333 0.198537
0.0765 0.2 0.255926
0.0765 0.266667 0.305807
0.0765 0.333333 0.346402
0.0765 0.4 0.376095
0.0765 0.466667 0.393522
0.0765 0.533333 0.397671
0.0765 0.6 0.387984
0.0765 0.666667 0.364423
0.0765 0.733333 0.327526
0.0765 0.8 0.278411
0.0765 0.866667 0.218751
0.0765 0.933333 0.150708
0.0765 1 0.0768451
0.077 0 0.0684163
0.077 0.0666667 0.134951
0.077 0.133333 0.19772
0.077 0.2 0.254841
0.077 0.266667 0.304465
0.077 0.333333 0.344827
0.077 0.4 0.374323
0.077 0.466667 0.391603
0.077 0.533333 0.395672
0.077 0.6 0.385979
0.077 0.666667 0.362496
0.077 0.733333 0.325761
0.077 0.8 0.276887
0.077 0.866667 0.217539
0.077 0.933333 0.149867
0.077 1 0.0764142
0.0775 0 0.0681444
0.0775 0.0666667 0.134407
0.0775 0.133333 0.196904
0.0775 0.2 0.253758
0.0775 0.266667 0.303127
0.0775 0.333333 0.343257
0.0775 0.4 0.372558
0.0775 0.466667 0.389694
0.0775 0.533333 0.393683
0.0775 0.6 0.383986
0.0775 0.666667 0.360581
0.0775 0.733333 0.324007
0.0775 0.8 0.275374
0.0775 0.866667 0.216337
0.0775 0.933333 0.149032
0.0775 1 0.0759863
0.078 0 0.0678725
0.078 0.0666667 0.133863
0.078 0.133333 0.196088
0.078 0.2 0.252676
0.078 0.266667 0.301792
0.078 0.333333 0.341692
0.078 0.4 0.3708
0.078 0.466667 0.387794
0.078 0.533333 0.391706
0.078 0.6 0.382005
0.078 0.666667 0.358678
0.078 0.733333 0.322264
0.078 0.8 0.27387
0.078 0.866667 0.215142
0.078 0.933333 0.148202
0.078 1 0.0755614
0.0785 0 0.0676006
0.0785 0.0666667 0.133319
0.0785 0.133333 0.195274
0.0785 0.2 0.251596
0.0785 0.266667 0.30046
0.0785 0.333333 0.340132
0.0785 0.4 0.369049
0.0785 0.466667 0.385904
0.0785 0.533333 0.389739
0.0785 0.6 0.380036
0.0785 0.666667 0.356787
0.0785 0.733333 0.320533
0.0785 0.8 0.272377
0.0785 0.866667 0.213955
0.0785 0.933333 0.147378
0.0785 1 0.0751394
0.079 0 0.0673286
0.079 0.0666667 0.132775
0.079 0.133333 0.19446
0.079 0.2 0.250519
0.079 0.266667 0.299132
0.079 0.333333 0.338578
0.079 0.4 0.367306
0.079 0.466667 0.384022
0.079 0.533333 0.387783
0.079 0.6 0.378079
0.079 0.666667 0.354908
0.079 0.733333 0.318813
0.079 0.8 0.270894
0.079 0.866667 0.212777
0.079 0.933333 0.14656
0.079 1 0.0747203
0.0795 0 0.0670566
0.0795 0.0666667 0.132232
0.0795 0.133333 0.193647
0.0795 0.2 0.249443
0.0795 0.266667 0.297807
0.0795 0.333333 0.337029
0.0795 0.4 0.365571
0.0795 0.466667 0.38215
0.0795 0.533333 0.385837
0.0795 0.6 0.376133
0.0795 0.666667 0.353041
0.0795 0.733333 0.317105
0.0795 0.8 0.26942
0.0795 0.866667 0.211607
0.0795 0.933333 0.145748
0.0795 1 0.0743041
0.08 0 0.0667847
0.08 0.0666667 0.131688
0.08 0.133333 0.192835
0.08 0.2 0.248369
0.08 0.266667 0.296486
0.08 0.333333 0.335486
0.08 0.4 0.363842
0.08 0.466667 0.380287
0.08 0.533333 0.383902
0.08 0.6 0.374198
0.08 0.666667 0.351185
0.08 0.733333 0.315407
0.08 0.8 0.267957
0.08 0.866667 0.210444
0.08 0.933333 0.144941
0.08 1 0.0738907
0.0805 0 0.0665129
0.0805 0.0666667 0.131145
0.0805 0.133333 0.192024
0.0805 0.2 0.247297
0.0805 0.266667 0.295169
0.0805 0.333333 0.333948
0.0805 0.4 0.362121
0.0805 0.466667 0.378433
0.0805 0.533333 0.381978
0.0805 0.6 0.372275
0.0805 0.666667 0.34934
0.0805 0.733333 0.31372
0.0805 0.8 0.266503
0.0805 0.866667 0.209289
0.0805 0.933333 0.144139
0.0805 1 0.0734803
0.081 0 0.0662412
0.081 0.0666667 0.130603
0.081 0.133333 0.191214
0.081 0.2 0.246228
0.081 0.266667 0.293855
0.081 0.333333 0.332415
0.081 0.4 0.360407
0.081 0.466667 0.376588
0.081 0.533333 0.380063
0.081 0.6 0.370363
0.081 0.666667 0.347507
0.081 0.733333 0.312044
0.081 0.8 0.265058
0.081 0.866667 0.208142
0.081 0.933333 0.143343
0.081 1 0.0730726
0.0815 0 0.0659696
0.0815 0.0666667 0.130061
0.0815 0.133333 0.190405
0.0815 0.2 0.24516
0.0815 0.266667 0.292545
0.0815 0.333333 0.330888
0.0815 0.4 0.358701
0.0815 0.466667 0.374752
0.0815 0.533333 0.37816
0.0815 0.6 0.368462
0.0815 0.666667 0.345686
0.0815 0.733333 0.310379
0.0815 0.8 0.263623
0.0815 0.866667 0.207003
0.0815 0.933333 0.142553
0.0815 1 0.0726677
0.082 0 0.0656982
0.082 0.0666667 0.129519
0.082 0.133333 0.189597
0.082 0.2 0.244095
0.082 0.266667 0.291238
0.082 0.333333 0.329366
0.082 0.4 0.357001
0.082 0.466667 0.372925
0.082 0.533333 0.376266
0.082 0.6 0.366572
0.082 0.666667 0.343875
0.082 0.733333 0.308725
0.082 0.8 0.262198
0.082 0.866667 0.205872
0.082 0.933333 0.141767
0.082 1 0.0722656
0.0825 0 0.065427
0.0825 0.0666667 0.128979
0.0825 0.133333 0.188791
0.0825 0.2 0.243032
0.0825 0.266667 0.289936
0.0825 0.333333 0.32785
0.0825 0.4 0.355309
0.0825 0.466667 0.371107
0.0825 0.533333 0.374382
0.0825 0.6 0.364693
0.0825 0.666667 0.342076
0.0825 0.733333 0.307081
0.0825 0.8 0.260782
0.0825 0.866667 0.204748
0.0825 0.933333 0.140987
0.0825 1 0.0718662
0.083 0 0.065156
0.083 0.0666667 0.128438
0.083 0.133333 0.187986
0.083 0.2 0.241972
0.083 0.266667 0.288637
0.083 0.333333 0.326339
0.083 0.4 0.353624
0.083 0.466667 0.369297
0.083 0.533333 0.372509
0.083 0.6 0.362825
0.083 0.666667 0.340287
0.083 0.733333 0.305447
0.083 0.8 0.259375
0.083 0.866667 0.203631
0.083 0.933333 0.140213
0.083 1 0.0714696
0.0835 0 0.0648852
0.0835 0.0666667 0.127899
0.0835 0.133333 0.187182
0.0835 0.2 0.240914
0.0835 0.266667 0.287342
0.0835 0.333333 0.324834
0.0835 0.4 0.351946
0.0835 0.466667 0.367497
0.0835 0.533333 0.370646
0.0835 0.6 0.360968
0.0835 0.666667 0.338509
0.0835 0.733333 0.303824
0.0835 0.8 0.257978
0.0835 0.866667 0.202522
0.0835 0.933333 0.139443
0.0835 1 0.0710756
0.084 0 0.0646148
0.084 0.0666667 0.12736
0.084 0.133333 0.18638
0.084 0.2 0.239859
0.084 0.266667 0.286051
0.084 0.333333 0.323334
0.084 0.4 0.350275
0.084 0.466667 0.365705
0.084 0.533333 0.368792
0.084 0.6 0.359121
0.084 0.666667 0.336743
0.084 0.733333 0.302211
0.084 0.8 0.256589
0.084 0.866667 0.201421
0.084 0.933333 0.138679
0.084 1 0.0706843
0.0845 0 0.0643446
0.0845 0.0666667 0.126822
0.0845 0.133333 0.185579
0.0845 0.2 0.238806
0.0845 0.266667 0.284763
0.0845 0.333333 0.32184
0.0845 0.4 0.348612
0.0845 0.466667 0.363921
0.0845 0.533333 0.366948
0.0845 0.6 0.357285
0.0845 0.666667 0.334987
0.0845 0.733333 0.300609
0.0845 0.8 0.25521
0.0845 0.866667 0.200326
0.0845 0.933333 0.13792
0.0845 1 0.0702957
0.085 0 0.0640747
0.085 0.0666667 0.126284
0.085 0.133333 0.18478
0.085 0.2 0.237755
0.085 0.266667 0.28348
0.085 0.333333 0.320351
0.085 0.4 0.346956
0.085 0.466667 0.362146
0.085 0.533333 0.365115
0.085 0.6 0.355459
0.085 0.666667 0.333241
0.085 0.733333 0.299016
0.085 0.8 0.253839
0.085 0.866667 0.199239
0.085 0.933333 0.137166
0.085 1 0.0699097
0.0855 0 0.0638052
0.0855 0.0666667 0.125748
0.0855 0.133333 0.183982
0.0855 0.2 0.236708
0.0855 0.266667 0.282201
0.0855 0.333333 0.318867
0.0855 0.4 0.345306
0.0855 0.466667 0.36038
0.0855 0.533333 0.36329
0.0855 0.6 0.353644
0.0855 0.666667 0.331506
0.0855 0.733333 0.297434
0.0855 0.8 0.252478
0.0855 0.866667 0.198159
0.0855 0.933333 0.136417
0.0855 1 0.0695263
0.086 0 0.063536
0.086 0.0666667 0.125212
0.086 0.133333 0.183186
0.086 0.2 0.235663
0.086 0.266667 0.280925
0.086 0.333333 0.317389
0.086 0.4 0.343664
0.086 0.466667 0.358623
0.086 0.533333 0.361476
0.086 0.6 0.351839
0.086 0.666667 0.329781
0.086 0.733333 0.295861
0.086 0.8 0.251125
0.086 0.866667 0.197087
0.086 0.933333 0.135673
0.086 1 0.0691455
0.0865 0 0.0632672
0.0865 0.0666667 0.124677
0.0865 0.133333 0.182392
0.0865 0.2 0.23462
0.0865 0.266667 0.279654
0.0865 0.333333 0.315917
0.0865 0.4 0.342029
0.0865 0.466667 0.356873
0.0865 0.533333 0.359671
0.0865 0.6 0.350044
0.0865 0.666667 0.328067
0.0865 0.733333 0.294298
0.0865 0.8 0.249781
0.0865 0.866667 0.196021
0.0865 0.933333 0.134934
0.0865 1 0.0687672
0.087 0 0.0629988
0.087 0.0666667 0.124143
0.087 0.133333 0.181599
0.087 0.2 0.233581
0.087 0.266667 0.278386
0.087 0.333333 0.31445
0.087 0.4 0.340401
0.087 0.466667 0.355133
0.087 0.533333 0.357876
0.087 0.6 0.34826
0.087 0.666667 0.326363
0.087 0.733333 0.292745
0.087 0.8 0.248445
0.087 0.866667 0.194962
0.087 0.933333 0.1342
0.087 1 0.0683915
0.0875 0 0.0627308
0.0875 0.0666667 0.12361
0.0875 0.133333 0.180808
0.0875 0.2 0.232544
0.0875 0.266667 0.277123
0.0875 0.333333 0.312989
0.0875 0.4 0.33878
0.0875 0.466667 0.3534
0.0875 0.533333 0.35609
0.0875 0.6 0.346485
0.0875 0.666667 0.324669
0.0875 0.733333 0.291202
0.0875 0.8 0.247118
0.0875 0.866667 0.19391
0.0875 0.933333 0.133471
0.0875 1 0.0680182
0.088 0 0.0624633
0.088 0.0666667 0.123078
0.088 0.133333 0.180019
0.088 0.2 0.23151
0.088 0.266667 0.275864
0.088 0.333333 0.311533
0.088 0.4 0.337166
0.088 0.466667 0.351676
0.088 0.533333 0.354313
0.088 0.6 0.344721
0.088 0.666667 0.322986
0.088 0.733333 0.289668
0.088 0.8 0.2458
0.088 0.866667 0.192865
0.088 0.933333 0.132746
0.088 1 0.0676475
0.0885 0 0.0621962
0.0885 0.0666667 0.122547
0.0885 0.133333 0.179231
0.0885 0.2 0.230478
0.0885 0.266667 0.274609
0.0885 0.333333 0.310083
0.0885 0.4 0.335558
0.0885 0.466667 0.34996
0.0885 0.533333 0.352546
0.0885 0.6 0.342966
0.0885 0.666667 0.321312
0.0885 0.733333 0.288143
0.0885 0.8 0.24449
0.0885 0.866667 0.191827
0.0885 0.933333 0.132027
0.0885 1 0.0672792
0.089 0 0.0619295
0.089 0.0666667 0.122017
0.089 0.133333 0.178446
0.089 0.2 0.22945
0.089 0.266667 0.273358
0.089 0.333333 0.308638
0.089 0.4 0.333958
0.089 0.466667 0.348253
0.089 0.533333 0.350788
0.089 0.6 0.341221
0.089 0.666667 0.319648
0.089 0.733333 0.286628
0.089 0.8 0.243188
0.089 0.866667 0.190796
0.089 0.933333 0.131312
0.089 1 0.0669134
0.0895 0 0.0616634
0.0895 0.0666667 0.121488
0.0895 0.133333 0.177662
0.0895 0.2 0.228425
0.0895 0.266667 0.272111
0.0895 0.333333 0.307199
0.0895 0.4 0.332365
0.0895 0.466667 0.346554
0.0895 0.533333 0.349039
0.0895 0.6 0.339486
0.0895 0.666667 0.317994
0.0895 0.733333 0.285122
0.0895 0.8 0.241894
0.0895 0.866667 0.189771
0.0895 0.933333 0.130602
0.0895 1 0.06655
0.09 0 0.0613978
0.09 0.0666667 0.120961
0.09 0.133333 0.17688
0.09 0.2 0.227402
0.09 0.266667 0.270869
0.09 0.333333 0.305765
0.09 0.4 0.330779
0.09 0.466667 0.344863
0.09 0.533333 0.3473
0.09 0.6 0.337761
0.09 0.666667 0.31635
0.09 0.733333 0.283626
0.09 0.8 0.240609
0.09 0.866667 0.188753
0.09 0.933333 0.129896
0.09 1 0.066189
0.0905 0 0.0611326
0.0905 0.0666667 0.120434
0.0905 0.133333 0.1761
0.0905 0.2 0.226383
0.0905 0.266667 0.26963
0.0905 0.333333 0.304337
0.0905 0.4 0.329199
0.0905 0.466667 0.34318
0.0905 0.533333 0.345569
0.0905 0.6 0.336046
0.0905 0.666667 0.314715
0.0905 0.733333 0.282139
0.0905 0.8 0.239332
0.0905 0.866667 0.187741
0.0905 0.933333 0.129195
0.0905 1 0.0658304
0.091 0 0.0608681
0.091 0.0666667 0.119909
0.091 0.133333 0.175322
0.091 0.2 0.225366
0.091 0.266667 0.268396
0.091 0.333333 0.302915
0.091 0.4 0.327627
0.091 0.466667 0.341505
0.091 0.533333 0.343848
0.091 0.6 0.334339
0.091 0.666667 0.31309
0.091 0.733333 0.28066
0.091 0.8 0.238062
0.091 0.866667 0.186736
0.091 0.933333 0.128499
0.091 1 0.0654741
0.0915 0 0.060604
0.0915 0.0666667 0.119385
0.0915 0.133333 0.174546
0.0915 0.2 0.224353
0.0915 0.266667 0.267166
0.0915 0.333333 0.301498
0.0915 0.4 0.326061
0.0915 0.466667 0.339838
0.0915 0.533333 0.342135
0.0915 0.6 0.332643
0.0915 0.666667 0.311474
0.0915 0.733333 0.279191
0.0915 0.8 0.236801
0.0915 0.866667 0.185738
0.0915 0.933333 0.127807
0.0915 1 0.0651202
0.092 0 0.0603406
0.092 0.0666667 0.118862
0.092 0.133333 0.173772
0.092 0.2 0.223342
0.092 0.266667 0.265941
0.092 0.333333 0.300086
0.092 0.4 0.324503
0.092 0.466667 0.338179
0.092 0.533333 0.340432
0.092 0.6 0.330956
0.092 0.666667 0.309868
0.092 0.733333 0.277731
0.092 0.8 0.235548
0.092 0.866667 0.184745
0.092 0.933333 0.12712
0.092 1 0.0647686
0.0925 0 0.0600777
0.0925 0.0666667 0.11834
0.0925 0.133333 0.173001
0.0925 0.2 0.222335
0.0925 0.266667 0.264719
0.0925 0.333333 0.29868
0.0925 0.4 0.322951
0.0925 0.466667 0.336529
0.0925 0.533333 0.338737
0.0925 0.6 0.329278
0.0925 0.666667 0.308272
0.0925 0.733333 0.276279
0.0925 0.8 0.234302
0.0925 0.866667 0.183759
0.0925 0.933333 0.126437
0.0925 1 0.0644193
0.093 0 0.0598154
0.093 0.0666667 0.11782
0.093 0.133333 0.172231
0.093 0.2 0.221331
0.093 0.266667 0.263502
0.093 0.333333 0.29728
0.093 0.4 0.321406
0.093 0.466667 0.334886
0.093 0.533333 0.337051
0.093 0.6 0.327609
0.093 0.666667 0.306684
0.093 0.733333 0.274836
0.093 0.8 0.233064
0.093 0.866667 0.18278
0.093 0.933333 0.125759
0.093 1 0.0640723
0.0935 0 0.0595536
0.0935 0.0666667 0.1173
0.0935 0.133333 0.171463
0.0935 0.2 0.220329
0.0935 0.266667 0.262289
0.0935 0.333333 0.295885
0.0935 0.4 0.319867
0.0935 0.466667 0.333251
0.0935 0.533333 0.335374
0.0935 0.6 0.32595
0.0935 0.666667 0.305106
0.0935 0.733333 0.273402
0.0935 0.8 0.231834
0.0935 0.866667 0.181806
0.0935 0.933333 0.125084
0.0935 1 0.0637275
0.094 0 0.0592926
0.094 0.0666667 0.116783
0.094 0.133333 0.170698
0.094 0.2 0.219331
0.094 0.266667 0.261081
0.094 0.333333 0.294496
0.094 0.4 0.318336
0.094 0.466667 0.331624
0.094 0.533333 0.333705
0.094 0.6 0.3243
0.094 0.666667 0.303537
0.094 0.733333 0.271977
0.094 0.8 0.230612
0.094 0.866667 0.180839
0.094 0.933333 0.124415
0.094 1 0.063385
0.0945 0 0.0590321
0.0945 0.0666667 0.116266
0.0945 0.133333 0.169935
0.0945 0.2 0.218337
0.0945 0.266667 0.259876
0.0945 0.333333 0.293112
0.0945 0.4 0.316811
0.0945 0.466667 0.330004
0.0945 0.533333 0.332045
0.0945 0.6 0.322659
0.0945 0.666667 0.301976
0.0945 0.733333 0.27056
0.0945 0.8 0.229397
0.0945 0.866667 0.179878
0.0945 0.933333 0.123749
0.0945 1 0.0630446
0.095 0 0.0587723
0.095 0.0666667 0.115751
0.095 0.133333 0.169174
0.095 0.2 0.217345
0.095 0.266667 0.258677
0.095 0.333333 0.291734
0.095 0.4 0.315293
0.095 0.466667 0.328393
0.095 0.533333 0.330394
0.095 0.6 0.321026
0.095 0.666667 0.300425
0.095 0.733333 0.269152
0.095 0.8 0.22819
0.095 0.866667 0.178923
0.095 0.933333 0.123088
0.095 1 0.0627065
0.0955 0 0.0585131
0.0955 0.0666667 0.115237
0.0955 0.133333 0.168415
0.0955 0.2 0.216357
0.0955 0.266667 0.257481
0.0955 0.333333 0.290362
0.0955 0.4 0.313782
0.0955 0.466667 0.326789
0.0955 0.533333 0.328751
0.0955 0.6 0.319403
0.0955 0.666667 0.298883
0.0955 0.733333 0.267752
0.0955 0.8 0.22699
0.0955 0.866667 0.177974
0.0955 0.933333 0.122431
0.0955 1 0.0623705
0.096 0 0.0582546
0.096 0.0666667 0.114725
0.096 0.133333 0.167658
0.096 0.2 0.215372
0.096 0.266667 0.25629
0.096 0.333333 0.288995
0.096 0.4 0.312277
0.096 0.466667 0.325193
0.096 0.533333 0.327117
0.096 0.6 0.317789
0.096 0.666667 0.29735
0.096 0.733333 0.26636
0.096 0.8 0.225797
0.096 0.866667 0.177031
0.096 0.933333 0.121778
0.096 1 0.0620367
0.0965 0 0.0579967
0.0965 0.0666667 0.114214
0.0965 0.133333 0.166904
0.0965 0.2 0.21439
0.0965 0.266667 0.255103
0.0965 0.333333 0.287633
0.0965 0.4 0.310779
0.0965 0.466667 0.323605
0.0965 0.533333 0.325491
0.0965 0.6 0.316183
0.0965 0.666667 0.295825
0.0965 0.733333 0.264977
0.0965 0.8 0.224612
0.0965 0.866667 0.176093
0.0965 0.933333 0.12113
0.0965 1 0.0617051
0.097 0 0.0577395
0.097 0.0666667 0.113704
0.097 0.133333 0.166152
0.097 0.2 0.213411
0.097 0.266667 0.25392
0.097 0.333333 0.286277
0.097 0.4 0.309288
0.097 0.466667 0.322024
0.097 0.533333 0.323873
0.097 0.6 0.314587
0.097 0.666667 0.294309
0.097 0.733333 0.263602
0.097 0.8 0.223433
0.097 0.866667 0.175162
0.097 0.933333 0.120485
0.097 1 0.0613755
0.0975 0 0.057483
0.0975 0.0666667 0.113196
0.0975 0.133333 0.165402
0.0975 0.2 0.212436
0.0975 0.266667 0.252742
0.0975 0.333333 0.284927
0.0975 0.4 0.307803
0.0975 0.466667 0.320451
0.0975 0.533333 0.322264
0.0975 0.6 0.312998
0.0975 0.666667 0.292802
0.0975 0.733333 0.262235
0.0975 0.8 0.222262
0.0975 0.866667 0.174236
0.0975 0.933333 0.119844
0.0975 1 0.0610481
0.098 0 0.0572272
0.098 0.0666667 0.112689
0.098 0.133333 0.164655
0.098 0.2 0.211464
0.098 0.266667 0.251569
0.098 0.333333 0.283582
0.098 0.4 0.306325
0.098 0.466667 0.318885
0.098 0.533333 0.320663
0.098 0.6 0.311419
0.098 0.666667 0.291303
0.098 0.733333 0.260876
0.098 0.8 0.221099
0.098 0.866667 0.173316
0.098 0.933333 0.119208
0.098 1 0.0607227
0.0985 0 0.0569722
0.0985 0.0666667 0.112184
0.0985 0.133333 0.16391
0.0985 0.2 0.210495
0.0985 0.266667 0.250399
0.0985 0.333333 0.282242
0.0985 0.4 0.304854
0.0985 0.466667 0.317327
0.0985 0.533333 0.319071
0.0985 0.6 0.309848
0.0985 0.666667 0.289813
0.0985 0.733333 0.259525
0.0985 0.8 0.219942
0.0985 0.866667 0.172402
0.0985 0.933333 0.118576
0.0985 1 0.0603994
0.099 0 0.0567178
0.099 0.0666667 0.11168
0.099 0.133333 0.163167
0.099 0.2 0.20953
0.099 0.266667 0.249234
0.099 0.333333 0.280908
0.099 0.4 0.303389
0.099 0.466667 0.315777
0.099 0.533333 0.317486
0.099 0.6 0.308286
0.099 0.666667 0.288332
0.099 0.733333 0.258182
0.099 0.8 0.218792
0.099 0.866667 0.171494
0.099 0.933333 0.117947
0.099 1 0.0600781
