0	0.490535
1	0.240552
2	0.120189
3	0.0883406
4	0.0662122
5	0.0514628
6	0.0431987
7	0.0371006
8	0.0321326
9	0.0280969
10	0.0249969
11	0.0227508
12	0.0207685
13	0.0190252
14	0.0174913
15	0.0161386
16	0.015041
17	0.0141267
18	0.0132886
19	0.0125209
20	0.0118173
21	0.0111719
22	0.0105788
23	0.0100523
24	0.00961045
25	0.00919584
26	0.0088068
27	0.00844166
28	0.00809877
29	0.00777655
30	0.00747354
31	0.00718833
32	0.00693011
33	0.00670226
34	0.00648518
35	0.00627832
36	0.00608114
37	0.00589312
38	0.00571377
39	0.0055426
40	0.00537915
41	0.00522302
42	0.00507377
43	0.00493879
44	0.00481366
45	0.00469317
46	0.00457712
47	0.00446532
48	0.0043576
49	0.00425377
50	0.00415366
51	0.00405711
52	0.00396396
53	0.00387406
54	0.00378727
55	0.00370346
56	0.00362718
57	0.00355449
58	0.00348396
59	0.00341552
60	0.00334908
61	0.00328458
62	0.00322195
63	0.00316112
64	0.00310203
65	0.00304462
66	0.00298882
67	0.00293458
68	0.00288185
69	0.00283057
70	0.00278068
71	0.00273396
72	0.00268964
73	0.0026464
74	0.0026042
75	0.00256301
76	0.00252281
77	0.00248355
78	0.00244522
79	0.00240779
80	0.00237123
81	0.00233552
82	0.00230062
83	0.00226652
84	0.0022332
85	0.00220063
86	0.00216878
87	0.00213764
88	0.0021072
89	0.00207857
90	0.00205099
91	0.00202396
92	0.00199746
93	0.00197149
94	0.00194604
95	0.00192108
96	0.0018966
97	0.00187261
98	0.00184907
99	0.00182599
100	0.00180334
101	0.00178113
102	0.00175934
103	0.00173795
104	0.00171696
105	0.00169637
106	0.00167615
107	0.0016563
108	0.00163682
109	0.00161769
110	0.00159962
111	0.00158203
112	0.00156472
113	0.00154771
114	0.00153097
115	0.00151451
116	0.00149832
117	0.0014824
118	0.00146673
119	0.00145131
120	0.00143615
121	0.00142123
122	0.00140654
123	0.00139209
124	0.00137786
125	0.00136386
126	0.00135008
127	0.00133651
128	0.00132315
129	0.00131
130	0.00129704
131	0.00128429
132	0.00127173
133	0.00125936
134	0.00124741
135	0.00123589
136	0.00122454
137	0.00121334
138	0.0012023
139	0.00119142
140	0.00118069
141	0.0011701
142	0.00115966
143	0.00114936
144	0.0011392
145	0.00112918
146	0.00111929
147	0.00110954
148	0.00109992
149	0.00109042
150	0.00108106
151	0.00107181
152	0.00106269
153	0.00105368
154	0.0010448
155	0.00103603
156	0.00102737
157	0.00101882
158	0.00101039
159	0.00100206
160	0.000993838
161	0.00098572
162	0.000977732
163	0.000970099
164	0.000962556
165	0.000955103
166	0.000947738
167	0.00094046
168	0.000933267
169	0.000926158
170	0.000919132
171	0.000912187
172	0.000905322
173	0.000898537
174	0.000891829
175	0.000885198
176	0.000878643
177	0.000872162
178	0.000865754
179	0.000859418
180	0.000853153
181	0.000846958
182	0.000840833
183	0.000834775
184	0.000828784
185	0.000822859
186	0.000816999
187	0.000811203
188	0.00080547
189	0.000799799
190	0.000794189
191	0.00078864
192	0.000783151
193	0.00077772
194	0.000772346
195	0.00076703
196	0.000761915
197	0.000756869
198	0.000751874
199	0.000746928
200	0.000742032
201	0.000737184
202	0.000732385
203	0.000727633
204	0.000722928
205	0.000718269
206	0.000713656
207	0.000709087
208	0.000704563
209	0.000700083
210	0.000695646
211	0.000691252
212	0.000686899
213	0.000682589
214	0.000678319
215	0.00067409
216	0.000669901
217	0.000665752
218	0.000661641
219	0.000657569
220	0.000653535
221	0.000649539
222	0.000645579
223	0.000641656
224	0.000637769
225	0.000633918
226	0.000630102
227	0.000626321
228	0.000622575
229	0.000618862
230	0.000615183
231	0.000611536
232	0.000607923
233	0.000604342
234	0.000600792
235	0.000597312
236	0.000593916
237	0.000590549
238	0.000587211
239	0.0005839
240	0.000580618
241	0.000577363
242	0.000574135
243	0.000570934
244	0.00056776
245	0.000564612
246	0.00056149
247	0.000558394
248	0.000555323
249	0.000552278
250	0.000549257
251	0.000546261
252	0.000543289
253	0.000540341
254	0.000537418
255	0.000534517
256	0.00053164
257	0.000528786
258	0.000525955
259	0.000523146
260	0.000520359
261	0.000517595
262	0.000514852
263	0.000512131
264	0.000509431
265	0.000506752
266	0.000504094
267	0.000501457
268	0.00049884
269	0.000496243
270	0.000493666
271	0.000491109
272	0.000488572
273	0.000486053
274	0.000483555
275	0.000481075
276	0.000478613
277	0.00047617
278	0.000473746
279	0.00047134
280	0.000468952
281	0.000466581
282	0.000464228
283	0.000461893
284	0.000459622
285	0.000457369
286	0.000455133
287	0.000452912
288	0.000450707
289	0.000448517
290	0.000446343
291	0.000444184
292	0.00044204
293	0.000439912
294	0.000437798
295	0.000435698
296	0.000433613
297	0.000431543
298	0.000429487
299	0.000427445
300	0.000425417
301	0.000423402
302	0.000421402
303	0.000419415
304	0.000417441
305	0.000415481
306	0.000413534
307	0.0004116
308	0.000409679
309	0.000407771
310	0.000405876
311	0.000403993
312	0.000402123
313	0.000400265
314	0.00039842
315	0.000396586
316	0.000394765
317	0.000392955
318	0.000391158
319	0.000389372
320	0.000387597
321	0.000385834
322	0.000384083
323	0.000382343
324	0.000380614
325	0.000378896
326	0.000377189
327	0.000375493
328	0.000373808
329	0.000372133
330	0.000370469
331	0.000368816
332	0.000367173
333	0.00036554
334	0.000363918
335	0.000362305
336	0.000360703
337	0.000359111
338	0.000357528
339	0.000355956
340	0.000354393
341	0.00035284
342	0.000351296
343	0.000349762
344	0.000348237
345	0.000346722
346	0.000345216
347	0.000343743
348	0.000342279
349	0.000340823
350	0.000339376
351	0.000337937
352	0.000336507
353	0.000335085
354	0.000333672
355	0.000332266
356	0.000330869
357	0.00032948
358	0.000328098
359	0.000326725
360	0.00032536
361	0.000324002
362	0.000322652
363	0.00032131
364	0.000319976
365	0.000318649
366	0.00031733
367	0.000316018
368	0.000314713
369	0.000313416
370	0.000312126
371	0.000310843
372	0.000309568
373	0.000308299
374	0.000307038
375	0.000305784
376	0.000304536
377	0.000303296
378	0.000302062
379	0.000300835
380	0.000299615
381	0.000298402
382	0.000297195
383	0.000295995
384	0.000294801
385	0.000293614
386	0.000292433
387	0.000291259
388	0.000290091
389	0.000288929
390	0.000287774
391	0.000286625
392	0.000285482
393	0.000284345
394	0.000283214
395	0.000282089
396	0.00028097
397	0.000279857
398	0.00027875
399	0.000277649
400	0.000276553
401	0.000275464
402	0.00027438
403	0.000273302
404	0.000272229
405	0.000271162
406	0.0002701
407	0.000269045
408	0.000267994
409	0.000266949
410	0.000265909
411	0.000264875
412	0.000263846
413	0.000262823
414	0.000261804
415	0.000260791
416	0.000259783
417	0.00025878
418	0.000257782
419	0.000256789
420	0.000255802
421	0.000254819
422	0.000253841
423	0.000252869
424	0.000251901
425	0.000250938
426	0.000249979
427	0.000249026
428	0.000248077
429	0.000247133
430	0.000246194
431	0.000245259
432	0.00024433
433	0.000243404
434	0.000242483
435	0.000241567
436	0.000240655
437	0.000239756
438	0.000238863
439	0.000237974
440	0.00023709
441	0.00023621
442	0.000235333
443	0.000234461
444	0.000233594
445	0.00023273
446	0.00023187
447	0.000231015
448	0.000230163
449	0.000229316
450	0.000228472
451	0.000227633
452	0.000226797
453	0.000225965
454	0.000225138
455	0.000224314
456	0.000223494
457	0.000222677
458	0.000221865
459	0.000221056
460	0.000220251
461	0.00021945
462	0.000218653
463	0.000217859
464	0.000217069
465	0.000216282
466	0.000215499
467	0.00021472
468	0.000213944
469	0.000213172
470	0.000212403
471	0.000211638
472	0.000210876
473	0.000210118
474	0.000209363
475	0.000208612
476	0.000207864
477	0.000207119
478	0.000206378
479	0.00020564
480	0.000204905
481	0.000204174
482	0.000203446
483	0.000202721
484	0.000201999
485	0.000201281
486	0.000200566
487	0.000199854
488	0.000199145
489	0.000198439
490	0.000197737
491	0.000197037
492	0.000196341
493	0.000195647
494	0.000194957
495	0.00019427
496	0.000193586
497	0.000192905
498	0.000192226
499	0.000191551
500	0.000190879
501	0.000190209
502	0.000189543
503	0.000188879
504	0.000188219
505	0.000187561
506	0.000186906
507	0.000186254
508	0.000185604
509	0.000184958
510	0.000184314
511	0.000183673
512	0.000183035
513	0.000182399
514	0.000181766
515	0.000181136
516	0.000180509
517	0.000179884
518	0.000179262
519	0.000178643
520	0.000178026
521	0.000177412
522	0.0001768
523	0.000176191
524	0.000175584
525	0.000174981
526	0.000174379
527	0.00017378
528	0.000173184
529	0.00017259
530	0.000171999
531	0.00017141
532	0.000170824
533	0.00017024
534	0.000169659
535	0.00016908
536	0.000168503
537	0.000167929
538	0.000167357
539	0.000166787
540	0.00016622
541	0.000165655
542	0.000165093
543	0.000164533
544	0.000163975
545	0.000163419
546	0.000162866
547	0.000162315
548	0.000161766
549	0.00016122
550	0.000160676
551	0.000160134
552	0.000159594
553	0.000159056
554	0.000158521
555	0.000157987
556	0.000157456
557	0.000156927
558	0.000156401
559	0.000155876
560	0.000155353
561	0.000154833
562	0.000154315
563	0.000153798
564	0.000153284
565	0.000152772
566	0.000152262
567	0.000151754
568	0.000151248
569	0.000150744
570	0.000150242
571	0.000149742
572	0.000149244
573	0.000148748
574	0.000148254
575	0.000147762
576	0.000147272
577	0.000146784
578	0.000146298
579	0.000145813
580	0.000145331
581	0.000144851
582	0.000144372
583	0.000143895
584	0.000143421
585	0.000142948
586	0.000142477
587	0.000142007
588	0.00014154
589	0.000141074
590	0.000140611
591	0.00014015
592	0.000139693
593	0.000139237
594	0.000138783
595	0.000138331
596	0.00013788
597	0.000137432
598	0.000136985
599	0.000136539
600	0.000136096
601	0.000135654
602	0.000135214
603	0.000134775
604	0.000134338
605	0.000133903
606	0.00013347
607	0.000133038
608	0.000132608
609	0.000132179
610	0.000131752
611	0.000131327
612	0.000130903
613	0.000130481
614	0.00013006
615	0.000129641
616	0.000129224
617	0.000128808
618	0.000128394
619	0.000127981
620	0.00012757
621	0.000127161
622	0.000126752
623	0.000126346
624	0.000125941
625	0.000125538
626	0.000125136
627	0.000124735
628	0.000124336
629	0.000123939
630	0.000123543
631	0.000123148
632	0.000122755
633	0.000122364
634	0.000121973
635	0.000121585
636	0.000121198
637	0.000120812
638	0.000120427
639	0.000120044
640	0.000119663
641	0.000119283
642	0.000118904
643	0.000118527
644	0.000118151
645	0.000117776
646	0.000117403
647	0.000117031
648	0.000116661
649	0.000116292
650	0.000115924
651	0.000115557
652	0.000115192
653	0.000114829
654	0.000114466
655	0.000114105
656	0.000113745
657	0.000113387
658	0.00011303
659	0.000112674
660	0.00011232
661	0.000111966
662	0.000111614
663	0.000111264
664	0.000110914
665	0.000110566
666	0.000110219
667	0.000109874
668	0.000109529
669	0.000109186
670	0.000108844
671	0.000108503
672	0.000108164
673	0.000107826
674	0.000107489
675	0.000107153
676	0.000106818
677	0.000106485
678	0.000106153
679	0.000105822
680	0.000105492
681	0.000105163
682	0.000104836
683	0.00010451
684	0.000104184
685	0.00010386
686	0.000103538
687	0.000103216
688	0.000102895
689	0.000102576
690	0.000102258
691	0.000101941
692	0.000101625
693	0.00010131
694	0.000100996
695	0.000100683
696	0.000100372
697	0.000100061
698	9.97521e-05
699	9.94439e-05
700	9.91367e-05
701	9.88306e-05
702	9.85257e-05
703	9.82217e-05
704	9.79189e-05
705	9.76171e-05
706	9.73164e-05
707	9.70167e-05
708	9.67181e-05
709	9.64205e-05
710	9.6124e-05
711	9.58285e-05
712	9.55341e-05
713	9.52407e-05
714	9.49483e-05
715	9.46569e-05
716	9.43665e-05
717	9.40772e-05
718	9.37889e-05
719	9.35015e-05
720	9.32152e-05
721	9.29299e-05
722	9.26455e-05
723	9.23622e-05
724	9.20798e-05
725	9.17984e-05
726	9.1518e-05
727	9.12386e-05
728	9.09601e-05
729	9.06826e-05
730	9.04061e-05
731	9.01305e-05
732	8.98558e-05
733	8.95821e-05
734	8.93094e-05
735	8.90376e-05
736	8.87667e-05
737	8.84968e-05
738	8.82278e-05
739	8.79597e-05
740	8.76926e-05
741	8.74263e-05
742	8.7161e-05
743	8.68966e-05
744	8.66331e-05
745	8.63705e-05
746	8.61088e-05
747	8.5848e-05
748	8.5588e-05
749	8.5329e-05
750	8.50709e-05
751	8.48136e-05
752	8.45572e-05
753	8.43017e-05
754	8.40471e-05
755	8.37933e-05
756	8.35404e-05
757	8.32884e-05
758	8.30372e-05
759	8.27868e-05
760	8.25374e-05
761	8.22887e-05
762	8.20409e-05
763	8.1794e-05
764	8.15479e-05
765	8.13026e-05
766	8.10581e-05
767	8.08145e-05
768	8.05717e-05
769	8.03297e-05
770	8.00886e-05
771	7.98482e-05
772	7.96087e-05
773	7.937e-05
774	7.9132e-05
775	7.88949e-05
776	7.86586e-05
777	7.8423e-05
778	7.81883e-05
779	7.79544e-05
780	7.77212e-05
781	7.74888e-05
782	7.72572e-05
783	7.70264e-05
784	7.67963e-05
785	7.65671e-05
786	7.63385e-05
787	7.61108e-05
788	7.58838e-05
789	7.56576e-05
790	7.54321e-05
791	7.52074e-05
792	7.49834e-05
793	7.47602e-05
794	7.45377e-05
795	7.4316e-05
796	7.4095e-05
797	7.38747e-05
798	7.36552e-05
799	7.34364e-05
800	7.32183e-05
801	7.3001e-05
802	7.27843e-05
803	7.25684e-05
804	7.23532e-05
805	7.21387e-05
806	7.1925e-05
807	7.17119e-05
808	7.14995e-05
809	7.12879e-05
810	7.10769e-05
811	7.08667e-05
812	7.06571e-05
813	7.04482e-05
814	7.02401e-05
815	7.00326e-05
816	6.98257e-05
817	6.96196e-05
818	6.94142e-05
819	6.92094e-05
820	6.90053e-05
821	6.88018e-05
822	6.85991e-05
823	6.8397e-05
824	6.81955e-05
825	6.79948e-05
826	6.77946e-05
827	6.75952e-05
828	6.73964e-05
829	6.71982e-05
830	6.70007e-05
831	6.68038e-05
832	6.66076e-05
833	6.6412e-05
834	6.62171e-05
835	6.60228e-05
836	6.58291e-05
837	6.56361e-05
838	6.54437e-05
839	6.52519e-05
840	6.50607e-05
841	6.48702e-05
842	6.46803e-05
843	6.4491e-05
844	6.43023e-05
845	6.41142e-05
846	6.39268e-05
847	6.37399e-05
848	6.35537e-05
849	6.3368e-05
850	6.3183e-05
851	6.29986e-05
852	6.28147e-05
853	6.26315e-05
854	6.24488e-05
855	6.22667e-05
856	6.20853e-05
857	6.19044e-05
858	6.17241e-05
859	6.15444e-05
860	6.13652e-05
861	6.11866e-05
862	6.10087e-05
863	6.08312e-05
864	6.06544e-05
865	6.04781e-05
866	6.03024e-05
867	6.01273e-05
868	5.99527e-05
869	5.97787e-05
870	5.96052e-05
871	5.94323e-05
872	5.926e-05
873	5.90882e-05
874	5.89169e-05
875	5.87462e-05
876	5.85761e-05
877	5.84065e-05
878	5.82374e-05
879	5.80689e-05
880	5.79009e-05
881	5.77334e-05
882	5.75665e-05
883	5.74002e-05
884	5.72343e-05
885	5.7069e-05
886	5.69042e-05
887	5.67399e-05
888	5.65762e-05
889	5.6413e-05
890	5.62503e-05
891	5.60881e-05
892	5.59264e-05
893	5.57653e-05
894	5.56046e-05
895	5.54445e-05
896	5.52849e-05
897	5.51257e-05
898	5.49671e-05
899	5.4809e-05
900	5.46514e-05
901	5.44943e-05
902	5.43377e-05
903	5.41816e-05
904	5.4026e-05
905	5.38708e-05
906	5.37162e-05
907	5.35621e-05
908	5.34084e-05
909	5.32552e-05
910	5.31025e-05
911	5.29503e-05
912	5.27986e-05
913	5.26473e-05
914	5.24965e-05
915	5.23462e-05
916	5.21964e-05
917	5.20471e-05
918	5.18982e-05
919	5.17498e-05
920	5.16018e-05
921	5.14543e-05
922	5.13073e-05
923	5.11607e-05
924	5.10146e-05
925	5.0869e-05
926	5.07238e-05
927	5.05791e-05
928	5.04348e-05
929	5.0291e-05
930	5.01476e-05
931	5.00047e-05
932	4.98622e-05
933	4.97202e-05
934	4.95786e-05
935	4.94377e-05
936	4.92974e-05
937	4.91575e-05
938	4.9018e-05
939	4.88789e-05
940	4.87403e-05
941	4.86021e-05
942	4.84643e-05
943	4.8327e-05
944	4.81901e-05
945	4.80536e-05
946	4.79175e-05
947	4.77819e-05
948	4.76467e-05
949	4.75119e-05
950	4.73775e-05
951	4.72435e-05
952	4.711e-05
953	4.69768e-05
954	4.68441e-05
955	4.67118e-05
956	4.65798e-05
957	4.64483e-05
958	4.63172e-05
959	4.61866e-05
960	4.60563e-05
961	4.59264e-05
962	4.57969e-05
963	4.56678e-05
964	4.55391e-05
965	4.54108e-05
966	4.52829e-05
967	4.51554e-05
968	4.50283e-05
969	4.49016e-05
970	4.47752e-05
971	4.46493e-05
972	4.45237e-05
973	4.43985e-05
974	4.42737e-05
975	4.41493e-05
976	4.40253e-05
977	4.39017e-05
978	4.37784e-05
979	4.36555e-05
980	4.3533e-05
981	4.34108e-05
982	4.32891e-05
983	4.31677e-05
984	4.30467e-05
985	4.2926e-05
986	4.28057e-05
987	4.26858e-05
988	4.25663e-05
989	4.24471e-05
990	4.23283e-05
991	4.22098e-05
992	4.20917e-05
993	4.1974e-05
994	4.18566e-05
995	4.17396e-05
996	4.16229e-05
997	4.15066e-05
998	4.13906e-05
999	4.1275e-05
1000	4.11598e-05
1001	4.10449e-05
1002	4.09303e-05
1003	4.08161e-05
1004	4.07022e-05
1005	4.05887e-05
1006	4.04756e-05
1007	4.03627e-05
1008	4.02503e-05
1009	4.01381e-05
1010	4.00263e-05
1011	3.99148e-05
1012	3.98037e-05
1013	3.96929e-05
1014	3.95825e-05
1015	3.94724e-05
1016	3.93626e-05
1017	3.92531e-05
1018	3.9144e-05
1019	3.90352e-05
1020	3.89267e-05
1021	3.88186e-05
1022	3.87108e-05
1023	3.86033e-05
1024	3.84961e-05
1025	3.83893e-05
1026	3.82828e-05
1027	3.81766e-05
1028	3.80707e-05
1029	3.79651e-05
1030	3.78599e-05
1031	3.77549e-05
1032	3.76503e-05
1033	3.7546e-05
1034	3.74421e-05
1035	3.73384e-05
1036	3.7235e-05
1037	3.7132e-05
1038	3.70292e-05
1039	3.69268e-05
1040	3.68247e-05
1041	3.67229e-05
1042	3.66214e-05
1043	3.65202e-05
1044	3.64192e-05
1045	3.63186e-05
1046	3.62183e-05
1047	3.61183e-05
1048	3.60186e-05
1049	3.59192e-05
1050	3.58201e-05
1051	3.57213e-05
1052	3.56228e-05
1053	3.55246e-05
1054	3.54267e-05
1055	3.5329e-05
1056	3.52317e-05
1057	3.51346e-05
1058	3.50379e-05
1059	3.49414e-05
1060	3.48452e-05
1061	3.47493e-05
1062	3.46537e-05
1063	3.45583e-05
1064	3.44633e-05
1065	3.43685e-05
1066	3.4274e-05
1067	3.41798e-05
1068	3.40859e-05
1069	3.39923e-05
1070	3.38989e-05
1071	3.38058e-05
1072	3.3713e-05
1073	3.36205e-05
1074	3.35282e-05
1075	3.34362e-05
1076	3.33445e-05
1077	3.32531e-05
1078	3.31619e-05
1079	3.3071e-05
1080	3.29804e-05
1081	3.289e-05
1082	3.27999e-05
1083	3.27101e-05
1084	3.26205e-05
1085	3.25312e-05
1086	3.24422e-05
1087	3.23534e-05
1088	3.22649e-05
1089	3.21766e-05
1090	3.20886e-05
1091	3.20009e-05
1092	3.19134e-05
1093	3.18262e-05
1094	3.17393e-05
1095	3.16526e-05
1096	3.15661e-05
1097	3.14799e-05
1098	3.1394e-05
1099	3.13083e-05
1100	3.12229e-05
1101	3.11377e-05
1102	3.10528e-05
1103	3.09681e-05
1104	3.08837e-05
1105	3.07995e-05
1106	3.07156e-05
1107	3.06319e-05
1108	3.05484e-05
1109	3.04652e-05
1110	3.03823e-05
1111	3.02996e-05
1112	3.02171e-05
1113	3.01349e-05
1114	3.00529e-05
1115	2.99712e-05
1116	2.98897e-05
1117	2.98084e-05
1118	2.97274e-05
1119	2.96466e-05
1120	2.9566e-05
1121	2.94857e-05
1122	2.94056e-05
1123	2.93258e-05
1124	2.92462e-05
1125	2.91668e-05
1126	2.90876e-05
1127	2.90087e-05
1128	2.893e-05
1129	2.88516e-05
1130	2.87733e-05
1131	2.86953e-05
1132	2.86175e-05
1133	2.854e-05
1134	2.84627e-05
1135	2.83856e-05
1136	2.83087e-05
1137	2.8232e-05
1138	2.81556e-05
1139	2.80794e-05
1140	2.80034e-05
1141	2.79277e-05
1142	2.78521e-05
1143	2.77768e-05
1144	2.77017e-05
1145	2.76268e-05
1146	2.75522e-05
1147	2.74777e-05
1148	2.74035e-05
1149	2.73294e-05
1150	2.72556e-05
1151	2.71821e-05
1152	2.71087e-05
1153	2.70355e-05
1154	2.69626e-05
1155	2.68898e-05
1156	2.68173e-05
1157	2.6745e-05
1158	2.66729e-05
1159	2.66009e-05
1160	2.65293e-05
1161	2.64578e-05
1162	2.63865e-05
1163	2.63154e-05
1164	2.62445e-05
1165	2.61739e-05
1166	2.61034e-05
1167	2.60332e-05
1168	2.59631e-05
1169	2.58932e-05
1170	2.58236e-05
1171	2.57541e-05
1172	2.56849e-05
1173	2.56158e-05
1174	2.5547e-05
1175	2.54783e-05
1176	2.54099e-05
1177	2.53416e-05
1178	2.52736e-05
1179	2.52057e-05
1180	2.5138e-05
1181	2.50705e-05
1182	2.50033e-05
1183	2.49362e-05
1184	2.48693e-05
1185	2.48026e-05
1186	2.47361e-05
1187	2.46697e-05
1188	2.46036e-05
1189	2.45377e-05
1190	2.44719e-05
1191	2.44064e-05
1192	2.4341e-05
1193	2.42758e-05
1194	2.42108e-05
1195	2.4146e-05
1196	2.40813e-05
1197	2.40169e-05
1198	2.39526e-05
1199	2.38886e-05
1200	2.38247e-05
1201	2.3761e-05
1202	2.36974e-05
1203	2.36341e-05
1204	2.35709e-05
1205	2.35079e-05
1206	2.34451e-05
1207	2.33825e-05
1208	2.332e-05
1209	2.32578e-05
1210	2.31957e-05
1211	2.31338e-05
1212	2.3072e-05
1213	2.30105e-05
1214	2.29491e-05
1215	2.28879e-05
1216	2.28268e-05
1217	2.2766e-05
1218	2.27053e-05
1219	2.26448e-05
1220	2.25844e-05
1221	2.25242e-05
1222	2.24642e-05
1223	2.24044e-05
1224	2.23447e-05
1225	2.22853e-05
1226	2.22259e-05
1227	2.21668e-05
1228	2.21078e-05
1229	2.2049e-05
1230	2.19903e-05
1231	2.19318e-05
1232	2.18735e-05
1233	2.18154e-05
1234	2.17574e-05
1235	2.16995e-05
1236	2.16419e-05
1237	2.15844e-05
1238	2.15271e-05
1239	2.14699e-05
1240	2.14129e-05
1241	2.1356e-05
1242	2.12993e-05
1243	2.12428e-05
1244	2.11864e-05
1245	2.11302e-05
1246	2.10742e-05
1247	2.10183e-05
1248	2.09626e-05
1249	2.0907e-05
1250	2.08516e-05
1251	2.07963e-05
1252	2.07412e-05
1253	2.06862e-05
1254	2.06314e-05
1255	2.05768e-05
1256	2.05223e-05
1257	2.0468e-05
1258	2.04138e-05
1259	2.03598e-05
1260	2.03059e-05
1261	2.02522e-05
1262	2.01986e-05
1263	2.01452e-05
1264	2.00919e-05
1265	2.00388e-05
1266	1.99858e-05
1267	1.9933e-05
1268	1.98803e-05
1269	1.98278e-05
1270	1.97754e-05
1271	1.97232e-05
1272	1.96711e-05
1273	1.96191e-05
1274	1.95673e-05
1275	1.95157e-05
1276	1.94642e-05
1277	1.94128e-05
1278	1.93616e-05
1279	1.93105e-05
1280	1.92596e-05
1281	1.92088e-05
1282	1.91582e-05
1283	1.91077e-05
1284	1.90573e-05
1285	1.90071e-05
1286	1.8957e-05
1287	1.89071e-05
1288	1.88573e-05
1289	1.88076e-05
1290	1.87581e-05
1291	1.87087e-05
1292	1.86595e-05
1293	1.86104e-05
1294	1.85614e-05
1295	1.85126e-05
1296	1.84639e-05
1297	1.84153e-05
1298	1.83669e-05
1299	1.83186e-05
1300	1.82705e-05
1301	1.82224e-05
1302	1.81745e-05
1303	1.81268e-05
1304	1.80792e-05
1305	1.80317e-05
1306	1.79843e-05
1307	1.79371e-05
1308	1.789e-05
1309	1.78431e-05
1310	1.77962e-05
1311	1.77495e-05
1312	1.7703e-05
1313	1.76565e-05
1314	1.76102e-05
1315	1.7564e-05
1316	1.7518e-05
1317	1.7472e-05
1318	1.74262e-05
1319	1.73806e-05
1320	1.7335e-05
1321	1.72896e-05
1322	1.72443e-05
1323	1.71992e-05
1324	1.71541e-05
1325	1.71092e-05
1326	1.70644e-05
1327	1.70197e-05
1328	1.69752e-05
1329	1.69308e-05
1330	1.68865e-05
1331	1.68423e-05
1332	1.67983e-05
1333	1.67543e-05
1334	1.67105e-05
1335	1.66668e-05
1336	1.66233e-05
1337	1.65798e-05
1338	1.65365e-05
1339	1.64933e-05
1340	1.64502e-05
1341	1.64072e-05
1342	1.63644e-05
1343	1.63217e-05
1344	1.6279e-05
1345	1.62365e-05
1346	1.61942e-05
1347	1.61519e-05
1348	1.61098e-05
1349	1.60677e-05
1350	1.60258e-05
1351	1.5984e-05
1352	1.59423e-05
1353	1.59008e-05
1354	1.58593e-05
1355	1.5818e-05
1356	1.57768e-05
1357	1.57357e-05
1358	1.56947e-05
1359	1.56538e-05
1360	1.5613e-05
1361	1.55723e-05
1362	1.55318e-05
1363	1.54914e-05
1364	1.5451e-05
1365	1.54108e-05
1366	1.53707e-05
1367	1.53307e-05
1368	1.52908e-05
1369	1.52511e-05
1370	1.52114e-05
1371	1.51719e-05
1372	1.51324e-05
1373	1.50931e-05
1374	1.50538e-05
1375	1.50147e-05
1376	1.49757e-05
1377	1.49368e-05
1378	1.4898e-05
1379	1.48593e-05
1380	1.48207e-05
1381	1.47822e-05
1382	1.47438e-05
1383	1.47056e-05
1384	1.46674e-05
1385	1.46293e-05
1386	1.45914e-05
1387	1.45535e-05
1388	1.45158e-05
1389	1.44781e-05
1390	1.44406e-05
1391	1.44031e-05
1392	1.43658e-05
1393	1.43285e-05
1394	1.42914e-05
1395	1.42544e-05
1396	1.42174e-05
1397	1.41806e-05
1398	1.41438e-05
1399	1.41072e-05
1400	1.40707e-05
1401	1.40342e-05
1402	1.39979e-05
1403	1.39617e-05
1404	1.39255e-05
1405	1.38895e-05
1406	1.38536e-05
1407	1.38177e-05
1408	1.3782e-05
1409	1.37463e-05
1410	1.37108e-05
1411	1.36753e-05
1412	1.364e-05
1413	1.36047e-05
1414	1.35695e-05
1415	1.35345e-05
1416	1.34995e-05
1417	1.34646e-05
1418	1.34298e-05
1419	1.33951e-05
1420	1.33605e-05
1421	1.3326e-05
1422	1.32916e-05
1423	1.32573e-05
1424	1.32231e-05
1425	1.3189e-05
1426	1.31549e-05
1427	1.3121e-05
1428	1.30871e-05
1429	1.30534e-05
1430	1.30197e-05
1431	1.29861e-05
1432	1.29526e-05
1433	1.29192e-05
1434	1.28859e-05
1435	1.28527e-05
1436	1.28196e-05
1437	1.27866e-05
1438	1.27536e-05
1439	1.27208e-05
1440	1.2688e-05
1441	1.26553e-05
1442	1.26227e-05
1443	1.25902e-05
1444	1.25578e-05
1445	1.25255e-05
1446	1.24932e-05
1447	1.24611e-05
1448	1.2429e-05
1449	1.2397e-05
1450	1.23652e-05
1451	1.23334e-05
1452	1.23016e-05
1453	1.227e-05
1454	1.22384e-05
1455	1.2207e-05
1456	1.21756e-05
1457	1.21443e-05
1458	1.21131e-05
1459	1.2082e-05
1460	1.20536e-05
1461	1.20272e-05
1462	1.20009e-05
1463	1.19746e-05
1464	1.19483e-05
1465	1.19221e-05
1466	1.1896e-05
1467	1.18699e-05
1468	1.18439e-05
1469	1.18179e-05
1470	1.1792e-05
1471	1.17661e-05
1472	1.17402e-05
1473	1.17145e-05
1474	1.16887e-05
1475	1.16631e-05
1476	1.16374e-05
1477	1.16119e-05
1478	1.15863e-05
1479	1.15609e-05
1480	1.15355e-05
1481	1.15101e-05
1482	1.14848e-05
1483	1.14595e-05
1484	1.14343e-05
1485	1.14091e-05
1486	1.1384e-05
1487	1.13589e-05
1488	1.13339e-05
1489	1.1309e-05
1490	1.1284e-05
1491	1.12592e-05
1492	1.12344e-05
1493	1.12096e-05
1494	1.11849e-05
1495	1.11602e-05
1496	1.11356e-05
1497	1.11111e-05
1498	1.10865e-05
1499	1.10621e-05
1500	1.10377e-05
1501	1.10133e-05
1502	1.0989e-05
1503	1.09647e-05
1504	1.09405e-05
1505	1.09163e-05
1506	1.08922e-05
1507	1.08681e-05
1508	1.08441e-05
1509	1.08201e-05
1510	1.07962e-05
1511	1.07723e-05
1512	1.07485e-05
1513	1.07247e-05
1514	1.0701e-05
1515	1.06773e-05
1516	1.06537e-05
1517	1.06301e-05
1518	1.06065e-05
1519	1.05831e-05
1520	1.05596e-05
1521	1.05362e-05
1522	1.05129e-05
1523	1.04896e-05
1524	1.04663e-05
1525	1.04431e-05
1526	1.042e-05
1527	1.03968e-05
1528	1.03738e-05
1529	1.03508e-05
1530	1.03278e-05
1531	1.03049e-05
1532	1.0282e-05
1533	1.02592e-05
1534	1.02364e-05
1535	1.02137e-05
1536	1.0191e-05
1537	1.01683e-05
1538	1.01457e-05
1539	1.01232e-05
1540	1.01007e-05
1541	1.00782e-05
1542	1.00558e-05
1543	1.00335e-05
1544	1.00112e-05
1545	9.98888e-06
1546	9.96666e-06
1547	9.94448e-06
1548	9.92234e-06
1549	9.90026e-06
1550	9.87821e-06
1551	9.85622e-06
1552	9.83427e-06
1553	9.81236e-06
1554	9.7905e-06
1555	9.76868e-06
1556	9.74691e-06
1557	9.72519e-06
1558	9.70351e-06
1559	9.68187e-06
1560	9.66028e-06
1561	9.63874e-06
1562	9.61723e-06
1563	9.59578e-06
1564	9.57437e-06
1565	9.553e-06
1566	9.53167e-06
1567	9.51039e-06
1568	9.48916e-06
1569	9.46797e-06
1570	9.44682e-06
1571	9.42572e-06
1572	9.40466e-06
1573	9.38364e-06
1574	9.36267e-06
1575	9.34174e-06
1576	9.32086e-06
1577	9.30002e-06
1578	9.27922e-06
1579	9.25847e-06
1580	9.23776e-06
1581	9.21709e-06
1582	9.19646e-06
1583	9.17588e-06
1584	9.15534e-06
1585	9.13485e-06
1586	9.1144e-06
1587	9.09399e-06
1588	9.07362e-06
1589	9.05329e-06
1590	9.03301e-06
1591	9.01277e-06
1592	8.99257e-06
1593	8.97242e-06
1594	8.95231e-06
1595	8.93223e-06
1596	8.91221e-06
1597	8.89222e-06
1598	8.87227e-06
1599	8.85237e-06
1600	8.83251e-06
1601	8.81269e-06
1602	8.79291e-06
1603	8.77318e-06
1604	8.75348e-06
1605	8.73383e-06
1606	8.71422e-06
1607	8.69465e-06
1608	8.67512e-06
1609	8.65563e-06
1610	8.63618e-06
1611	8.61677e-06
1612	8.59741e-06
1613	8.57808e-06
1614	8.5588e-06
1615	8.53956e-06
1616	8.52035e-06
1617	8.50119e-06
1618	8.48207e-06
1619	8.46299e-06
1620	8.44395e-06
1621	8.42494e-06
1622	8.40598e-06
1623	8.38706e-06
1624	8.36818e-06
1625	8.34934e-06
1626	8.33054e-06
1627	8.31178e-06
1628	8.29306e-06
1629	8.27438e-06
1630	8.25573e-06
1631	8.23713e-06
1632	8.21857e-06
1633	8.20005e-06
1634	8.18156e-06
1635	8.16312e-06
1636	8.14471e-06
1637	8.12634e-06
1638	8.10801e-06
1639	8.08972e-06
1640	8.07147e-06
1641	8.05326e-06
1642	8.03509e-06
1643	8.01696e-06
1644	7.99886e-06
1645	7.9808e-06
1646	7.96278e-06
1647	7.9448e-06
1648	7.92686e-06
1649	7.90896e-06
1650	7.89109e-06
1651	7.87327e-06
1652	7.85548e-06
1653	7.83772e-06
1654	7.82001e-06
1655	7.80233e-06
1656	7.7847e-06
1657	7.7671e-06
1658	7.74953e-06
1659	7.73201e-06
1660	7.71452e-06
1661	7.69707e-06
1662	7.67966e-06
1663	7.66228e-06
1664	7.64494e-06
1665	7.62764e-06
1666	7.61037e-06
1667	7.59315e-06
1668	7.57595e-06
1669	7.5588e-06
1670	7.54168e-06
1671	7.5246e-06
1672	7.50756e-06
1673	7.49055e-06
1674	7.47358e-06
1675	7.45664e-06
1676	7.43975e-06
1677	7.42288e-06
1678	7.40606e-06
1679	7.38927e-06
1680	7.37251e-06
1681	7.3558e-06
1682	7.33912e-06
1683	7.32247e-06
1684	7.30586e-06
1685	7.28929e-06
1686	7.27275e-06
1687	7.25624e-06
1688	7.23978e-06
1689	7.22334e-06
1690	7.20695e-06
1691	7.19059e-06
1692	7.17426e-06
1693	7.15797e-06
1694	7.14171e-06
1695	7.12549e-06
1696	7.10931e-06
1697	7.09315e-06
1698	7.07704e-06
1699	7.06096e-06
1700	7.04491e-06
1701	7.0289e-06
1702	7.01292e-06
1703	6.99698e-06
1704	6.98107e-06
1705	6.9652e-06
1706	6.94936e-06
1707	6.93355e-06
1708	6.91778e-06
1709	6.90204e-06
1710	6.88634e-06
1711	6.87067e-06
1712	6.85503e-06
1713	6.83943e-06
1714	6.82387e-06
1715	6.80833e-06
1716	6.79283e-06
1717	6.77737e-06
1718	6.76193e-06
1719	6.74653e-06
1720	6.73117e-06
1721	6.71583e-06
1722	6.70053e-06
1723	6.68527e-06
1724	6.67003e-06
1725	6.65483e-06
1726	6.63967e-06
1727	6.62453e-06
1728	6.60943e-06
1729	6.59436e-06
1730	6.57933e-06
1731	6.56433e-06
1732	6.54935e-06
1733	6.53442e-06
1734	6.51951e-06
1735	6.50464e-06
1736	6.4898e-06
1737	6.47499e-06
1738	6.46021e-06
1739	6.44547e-06
1740	6.43076e-06
1741	6.41608e-06
1742	6.40143e-06
1743	6.38682e-06
1744	6.37223e-06
1745	6.35768e-06
1746	6.34316e-06
1747	6.32867e-06
1748	6.31422e-06
1749	6.29979e-06
1750	6.2854e-06
1751	6.27103e-06
1752	6.2567e-06
1753	6.2424e-06
1754	6.22813e-06
1755	6.2139e-06
1756	6.19969e-06
1757	6.18552e-06
1758	6.17137e-06
1759	6.15726e-06
1760	6.14318e-06
1761	6.12913e-06
1762	6.11511e-06
1763	6.10112e-06
1764	6.08716e-06
1765	6.07323e-06
1766	6.05933e-06
1767	6.04546e-06
1768	6.03162e-06
1769	6.01782e-06
1770	6.00404e-06
1771	5.99029e-06
1772	5.97658e-06
1773	5.96289e-06
1774	5.94923e-06
1775	5.93561e-06
1776	5.92201e-06
1777	5.90845e-06
1778	5.89491e-06
1779	5.8814e-06
1780	5.86792e-06
1781	5.85448e-06
1782	5.84106e-06
1783	5.82767e-06
1784	5.81431e-06
1785	5.80098e-06
1786	5.78768e-06
1787	5.77441e-06
1788	5.76117e-06
1789	5.74795e-06
1790	5.73477e-06
1791	5.72162e-06
1792	5.70849e-06
1793	5.69539e-06
1794	5.68233e-06
1795	5.66929e-06
1796	5.65628e-06
1797	5.64329e-06
1798	5.63034e-06
1799	5.61742e-06
1800	5.60452e-06
1801	5.59165e-06
1802	5.57881e-06
1803	5.566e-06
1804	5.55322e-06
1805	5.54047e-06
1806	5.52774e-06
1807	5.51504e-06
1808	5.50237e-06
1809	5.48973e-06
1810	5.47711e-06
1811	5.46453e-06
1812	5.45197e-06
1813	5.43944e-06
1814	5.42694e-06
1815	5.41446e-06
1816	5.40201e-06
1817	5.38959e-06
1818	5.3772e-06
1819	5.36483e-06
1820	5.3525e-06
1821	5.34019e-06
1822	5.3279e-06
1823	5.31565e-06
1824	5.30342e-06
1825	5.29121e-06
1826	5.27904e-06
1827	5.26689e-06
1828	5.25477e-06
1829	5.24268e-06
1830	5.23061e-06
1831	5.21857e-06
1832	5.20655e-06
1833	5.19457e-06
1834	5.18261e-06
1835	5.17067e-06
1836	5.15877e-06
1837	5.14688e-06
1838	5.13503e-06
1839	5.1232e-06
1840	5.1114e-06
1841	5.09962e-06
1842	5.08787e-06
1843	5.07615e-06
1844	5.06445e-06
1845	5.05278e-06
1846	5.04114e-06
1847	5.02952e-06
1848	5.01792e-06
1849	5.00635e-06
1850	4.99481e-06
1851	4.98329e-06
1852	4.9718e-06
1853	4.96034e-06
1854	4.9489e-06
1855	4.93748e-06
1856	4.9261e-06
1857	4.91473e-06
1858	4.90339e-06
1859	4.89208e-06
1860	4.88079e-06
1861	4.86953e-06
1862	4.85829e-06
1863	4.84708e-06
1864	4.83589e-06
1865	4.82473e-06
1866	4.81359e-06
1867	4.80248e-06
1868	4.79139e-06
1869	4.78033e-06
1870	4.76929e-06
1871	4.75828e-06
1872	4.74729e-06
1873	4.73632e-06
1874	4.72538e-06
1875	4.71447e-06
1876	4.70357e-06
1877	4.69271e-06
1878	4.68186e-06
1879	4.67105e-06
1880	4.66025e-06
1881	4.64948e-06
1882	4.63873e-06
1883	4.62801e-06
1884	4.61731e-06
1885	4.60664e-06
1886	4.59599e-06
1887	4.58536e-06
1888	4.57476e-06
1889	4.56418e-06
1890	4.55363e-06
1891	4.54309e-06
1892	4.53259e-06
1893	4.5221e-06
1894	4.51164e-06
1895	4.5012e-06
1896	4.49079e-06
1897	4.4804e-06
1898	4.47003e-06
1899	4.45969e-06
1900	4.44936e-06
1901	4.43907e-06
1902	4.42879e-06
1903	4.41854e-06
1904	4.40831e-06
1905	4.39811e-06
1906	4.38792e-06
1907	4.37776e-06
1908	4.36763e-06
1909	4.35751e-06
1910	4.34742e-06
1911	4.33735e-06
1912	4.3273e-06
1913	4.31728e-06
1914	4.30728e-06
1915	4.2973e-06
1916	4.28734e-06
1917	4.27741e-06
1918	4.2675e-06
1919	4.25761e-06
1920	4.24774e-06
1921	4.23789e-06
1922	4.22807e-06
1923	4.21827e-06
1924	4.20849e-06
1925	4.19873e-06
1926	4.189e-06
1927	4.17929e-06
1928	4.16961e-06
1929	4.15995e-06
1930	4.1503e-06
1931	4.14069e-06
1932	4.13109e-06
1933	4.12151e-06
1934	4.11196e-06
1935	4.10242e-06
1936	4.09291e-06
1937	4.08342e-06
1938	4.07395e-06
1939	4.06451e-06
1940	4.05508e-06
1941	4.04568e-06
1942	4.03629e-06
1943	4.02693e-06
1944	4.01759e-06
1945	4.00827e-06
1946	3.99897e-06
1947	3.98969e-06
1948	3.98043e-06
1949	3.9712e-06
1950	3.96198e-06
1951	3.95279e-06
1952	3.94361e-06
1953	3.93446e-06
1954	3.92533e-06
1955	3.91621e-06
1956	3.90712e-06
1957	3.89805e-06
1958	3.889e-06
1959	3.87997e-06
1960	3.87096e-06
1961	3.86197e-06
1962	3.853e-06
1963	3.84405e-06
1964	3.83512e-06
1965	3.82621e-06
1966	3.81733e-06
1967	3.80846e-06
1968	3.79961e-06
1969	3.79078e-06
1970	3.78197e-06
1971	3.77318e-06
1972	3.76441e-06
1973	3.75567e-06
1974	3.74694e-06
1975	3.73823e-06
1976	3.72954e-06
1977	3.72087e-06
1978	3.71222e-06
1979	3.70359e-06
1980	3.69498e-06
1981	3.68638e-06
1982	3.67781e-06
1983	3.66926e-06
1984	3.66073e-06
1985	3.65221e-06
1986	3.64372e-06
1987	3.63524e-06
1988	3.62678e-06
1989	3.61835e-06
1990	3.60993e-06
1991	3.60153e-06
1992	3.59315e-06
1993	3.58479e-06
1994	3.57645e-06
1995	3.56812e-06
1996	3.55982e-06
1997	3.55153e-06
1998	3.54327e-06
1999	3.53502e-06
2000	3.52679e-06
2001	3.51858e-06
2002	3.51039e-06
2003	3.50222e-06
2004	3.49406e-06
2005	3.48592e-06
2006	3.47781e-06
2007	3.46971e-06
2008	3.46163e-06
2009	3.45356e-06
2010	3.44552e-06
2011	3.43749e-06
2012	3.42949e-06
2013	3.4215e-06
2014	3.41353e-06
2015	3.40557e-06
2016	3.39764e-06
2017	3.38972e-06
2018	3.38182e-06
2019	3.37394e-06
2020	3.36608e-06
2021	3.35823e-06
2022	3.3504e-06
2023	3.34259e-06
2024	3.3348e-06
2025	3.32703e-06
2026	3.31927e-06
2027	3.31153e-06
2028	3.30381e-06
2029	3.29611e-06
2030	3.28842e-06
2031	3.28075e-06
2032	3.2731e-06
2033	3.26547e-06
2034	3.25785e-06
2035	3.25025e-06
2036	3.24267e-06
2037	3.23511e-06
2038	3.22756e-06
2039	3.22003e-06
2040	3.21252e-06
2041	3.20502e-06
2042	3.19754e-06
2043	3.19008e-06
2044	3.18264e-06
2045	3.17521e-06
2046	3.1678e-06
2047	3.16041e-06
2048	3.15303e-06
2049	3.14567e-06
2050	3.13833e-06
2051	3.131e-06
2052	3.12369e-06
2053	3.1164e-06
2054	3.10912e-06
2055	3.10186e-06
2056	3.09462e-06
2057	3.08739e-06
2058	3.08018e-06
2059	3.07299e-06
2060	3.06581e-06
2061	3.05865e-06
2062	3.0515e-06
2063	3.04438e-06
2064	3.03726e-06
2065	3.03017e-06
2066	3.02309e-06
2067	3.01602e-06
2068	3.00898e-06
2069	3.00195e-06
2070	2.99493e-06
2071	2.98793e-06
2072	2.98095e-06
2073	2.97398e-06
2074	2.96703e-06
2075	2.9601e-06
2076	2.95318e-06
2077	2.94627e-06
2078	2.93939e-06
2079	2.93251e-06
2080	2.92566e-06
2081	2.91882e-06
2082	2.91199e-06
2083	2.90518e-06
2084	2.89839e-06
2085	2.89161e-06
2086	2.88485e-06
2087	2.8781e-06
2088	2.87137e-06
2089	2.86466e-06
2090	2.85796e-06
2091	2.85127e-06
2092	2.8446e-06
2093	2.83794e-06
2094	2.83131e-06
2095	2.82468e-06
2096	2.81807e-06
2097	2.81148e-06
2098	2.8049e-06
2099	2.79834e-06
2100	2.79179e-06
2101	2.78525e-06
2102	2.77873e-06
2103	2.77223e-06
2104	2.76574e-06
2105	2.75927e-06
2106	2.75281e-06
2107	2.74636e-06
2108	2.73993e-06
2109	2.73352e-06
2110	2.72712e-06
2111	2.72073e-06
2112	2.71436e-06
2113	2.70801e-06
2114	2.70167e-06
2115	2.69534e-06
2116	2.68903e-06
2117	2.68273e-06
2118	2.67645e-06
2119	2.67018e-06
2120	2.66392e-06
2121	2.65768e-06
2122	2.65146e-06
2123	2.64524e-06
2124	2.63905e-06
2125	2.63286e-06
2126	2.62669e-06
2127	2.62054e-06
2128	2.6144e-06
2129	2.60827e-06
2130	2.60216e-06
2131	2.59606e-06
2132	2.58998e-06
2133	2.58391e-06
2134	2.57785e-06
2135	2.57181e-06
2136	2.56578e-06
2137	2.55977e-06
2138	2.55376e-06
2139	2.54778e-06
2140	2.5418e-06
2141	2.53585e-06
2142	2.5299e-06
2143	2.52397e-06
2144	2.51805e-06
2145	2.51214e-06
2146	2.50625e-06
2147	2.50038e-06
2148	2.49451e-06
2149	2.48866e-06
2150	2.48282e-06
2151	2.477e-06
2152	2.47119e-06
2153	2.46539e-06
2154	2.45961e-06
2155	2.45384e-06
2156	2.44808e-06
2157	2.44234e-06
2158	2.43661e-06
2159	2.43089e-06
2160	2.42519e-06
2161	2.4195e-06
2162	2.41382e-06
2163	2.40815e-06
2164	2.4025e-06
2165	2.39686e-06
2166	2.39124e-06
2167	2.38563e-06
2168	2.38003e-06
2169	2.37444e-06
2170	2.36887e-06
2171	2.3633e-06
2172	2.35776e-06
2173	2.35222e-06
2174	2.3467e-06
2175	2.34119e-06
2176	2.33569e-06
2177	2.33021e-06
2178	2.32473e-06
2179	2.31928e-06
2180	2.31383e-06
2181	2.3084e-06
2182	2.30297e-06
2183	2.29756e-06
2184	2.29217e-06
2185	2.28678e-06
2186	2.28141e-06
2187	2.27605e-06
2188	2.27071e-06
2189	2.26537e-06
2190	2.26005e-06
2191	2.25474e-06
2192	2.24944e-06
2193	2.24416e-06
2194	2.23889e-06
2195	2.23362e-06
2196	2.22838e-06
2197	2.22314e-06
2198	2.21791e-06
2199	2.2127e-06
2200	2.2075e-06
2201	2.20231e-06
2202	2.19714e-06
2203	2.19197e-06
2204	2.18682e-06
2205	2.18168e-06
2206	2.17655e-06
2207	2.17143e-06
2208	2.16633e-06
2209	2.16124e-06
2210	2.15616e-06
2211	2.15109e-06
2212	2.14603e-06
2213	2.14098e-06
2214	2.13595e-06
2215	2.13093e-06
2216	2.12591e-06
2217	2.12091e-06
2218	2.11593e-06
2219	2.11095e-06
2220	2.10599e-06
2221	2.10103e-06
2222	2.09609e-06
2223	2.09116e-06
2224	2.08624e-06
2225	2.08133e-06
2226	2.07644e-06
2227	2.07155e-06
2228	2.06668e-06
2229	2.06182e-06
2230	2.05696e-06
2231	2.05212e-06
2232	2.0473e-06
2233	2.04248e-06
2234	2.03767e-06
2235	2.03288e-06
2236	2.02809e-06
2237	2.02332e-06
2238	2.01856e-06
2239	2.01381e-06
2240	2.00907e-06
2241	2.00434e-06
2242	1.99962e-06
2243	1.99491e-06
2244	1.99022e-06
2245	1.98553e-06
2246	1.98086e-06
2247	1.9762e-06
2248	1.97154e-06
2249	1.9669e-06
2250	1.96227e-06
2251	1.95765e-06
2252	1.95304e-06
2253	1.94844e-06
2254	1.94385e-06
2255	1.93928e-06
2256	1.93471e-06
2257	1.93015e-06
2258	1.92561e-06
2259	1.92107e-06
2260	1.91655e-06
2261	1.91203e-06
2262	1.90753e-06
2263	1.90304e-06
2264	1.89855e-06
2265	1.89408e-06
2266	1.88962e-06
2267	1.88517e-06
2268	1.88073e-06
2269	1.87629e-06
2270	1.87187e-06
2271	1.86746e-06
2272	1.86306e-06
2273	1.85867e-06
2274	1.85429e-06
2275	1.84992e-06
2276	1.84557e-06
2277	1.84122e-06
2278	1.83688e-06
2279	1.83255e-06
2280	1.82823e-06
2281	1.82392e-06
2282	1.81962e-06
2283	1.81533e-06
2284	1.81105e-06
2285	1.80678e-06
2286	1.80252e-06
2287	1.79828e-06
2288	1.79404e-06
2289	1.78981e-06
2290	1.78559e-06
2291	1.78138e-06
2292	1.77718e-06
2293	1.77299e-06
2294	1.76881e-06
2295	1.76464e-06
2296	1.76047e-06
2297	1.75632e-06
2298	1.75218e-06
2299	1.74805e-06
2300	1.74393e-06
2301	1.73981e-06
2302	1.73571e-06
2303	1.73162e-06
2304	1.72753e-06
2305	1.72346e-06
2306	1.71939e-06
2307	1.71534e-06
2308	1.71129e-06
2309	1.70725e-06
2310	1.70323e-06
2311	1.69921e-06
2312	1.6952e-06
2313	1.6912e-06
2314	1.68721e-06
2315	1.68323e-06
2316	1.67926e-06
2317	1.6753e-06
2318	1.67134e-06
2319	1.6674e-06
2320	1.66346e-06
2321	1.65954e-06
2322	1.65562e-06
2323	1.65172e-06
2324	1.64782e-06
2325	1.64393e-06
2326	1.64005e-06
2327	1.63618e-06
2328	1.63232e-06
2329	1.62846e-06
2330	1.62462e-06
2331	1.62078e-06
2332	1.61696e-06
2333	1.61314e-06
2334	1.60933e-06
2335	1.60553e-06
2336	1.60174e-06
2337	1.59796e-06
2338	1.59419e-06
2339	1.59043e-06
2340	1.58667e-06
2341	1.58292e-06
2342	1.57919e-06
2343	1.57546e-06
2344	1.57174e-06
2345	1.56803e-06
2346	1.56432e-06
2347	1.56063e-06
2348	1.55694e-06
2349	1.55327e-06
2350	1.5496e-06
2351	1.54594e-06
2352	1.54229e-06
2353	1.53864e-06
2354	1.53501e-06
2355	1.53138e-06
2356	1.52777e-06
2357	1.52416e-06
2358	1.52056e-06
2359	1.51696e-06
2360	1.51338e-06
2361	1.50981e-06
2362	1.50624e-06
2363	1.50268e-06
2364	1.49913e-06
2365	1.49559e-06
2366	1.49205e-06
2367	1.48853e-06
2368	1.48501e-06
2369	1.4815e-06
2370	1.478e-06
2371	1.47451e-06
2372	1.47102e-06
2373	1.46755e-06
2374	1.46408e-06
2375	1.46062e-06
2376	1.45717e-06
2377	1.45372e-06
2378	1.45029e-06
2379	1.44686e-06
2380	1.44344e-06
2381	1.44003e-06
2382	1.43662e-06
2383	1.43323e-06
2384	1.42984e-06
2385	1.42646e-06
2386	1.42309e-06
2387	1.41972e-06
2388	1.41637e-06
2389	1.41302e-06
2390	1.40968e-06
2391	1.40634e-06
2392	1.40302e-06
2393	1.3997e-06
2394	1.39639e-06
2395	1.39309e-06
2396	1.3898e-06
2397	1.38651e-06
2398	1.38323e-06
2399	1.37996e-06
2400	1.3767e-06
2401	1.37344e-06
2402	1.37019e-06
2403	1.36695e-06
2404	1.36372e-06
2405	1.36049e-06
2406	1.35727e-06
2407	1.35406e-06
2408	1.35086e-06
2409	1.34767e-06
2410	1.34448e-06
2411	1.3413e-06
2412	1.33813e-06
2413	1.33496e-06
2414	1.3318e-06
2415	1.32865e-06
2416	1.32551e-06
2417	1.32237e-06
2418	1.31924e-06
2419	1.31612e-06
2420	1.31301e-06
2421	1.3099e-06
2422	1.3068e-06
2423	1.30371e-06
2424	1.30062e-06
2425	1.29755e-06
2426	1.29448e-06
2427	1.29141e-06
2428	1.28836e-06
2429	1.28531e-06
2430	1.28227e-06
2431	1.27923e-06
2432	1.2762e-06
2433	1.27318e-06
2434	1.27017e-06
2435	1.26716e-06
2436	1.26416e-06
2437	1.26117e-06
2438	1.25819e-06
2439	1.25521e-06
2440	1.25224e-06
2441	1.24927e-06
2442	1.24632e-06
2443	1.24337e-06
2444	1.24042e-06
2445	1.23749e-06
2446	1.23456e-06
2447	1.23163e-06
2448	1.22872e-06
2449	1.22581e-06
2450	1.22291e-06
2451	1.22001e-06
2452	1.21712e-06
2453	1.21424e-06
2454	1.21136e-06
2455	1.2085e-06
2456	1.20563e-06
2457	1.20278e-06
2458	1.19993e-06
2459	1.19709e-06
2460	1.19425e-06
2461	1.19143e-06
2462	1.1886e-06
2463	1.18579e-06
2464	1.18298e-06
2465	1.18018e-06
2466	1.17738e-06
2467	1.17459e-06
2468	1.17181e-06
2469	1.16904e-06
2470	1.16627e-06
2471	1.1635e-06
2472	1.16075e-06
2473	1.158e-06
2474	1.15526e-06
2475	1.15252e-06
2476	1.14979e-06
2477	1.14706e-06
2478	1.14435e-06
2479	1.14164e-06
2480	1.13893e-06
2481	1.13623e-06
2482	1.13354e-06
2483	1.13085e-06
2484	1.12817e-06
2485	1.1255e-06
2486	1.12283e-06
2487	1.12017e-06
2488	1.11752e-06
2489	1.11487e-06
2490	1.11223e-06
2491	1.10959e-06
2492	1.10696e-06
2493	1.10434e-06
2494	1.10172e-06
2495	1.09911e-06
2496	1.09651e-06
2497	1.09391e-06
2498	1.09132e-06
2499	1.08873e-06
2500	1.08615e-06
2501	1.08357e-06
2502	1.08101e-06
2503	1.07844e-06
2504	1.07589e-06
2505	1.07334e-06
2506	1.07079e-06
2507	1.06825e-06
2508	1.06572e-06
2509	1.0632e-06
2510	1.06067e-06
2511	1.05816e-06
2512	1.05565e-06
2513	1.05315e-06
2514	1.05065e-06
2515	1.04816e-06
2516	1.04568e-06
2517	1.0432e-06
2518	1.04072e-06
2519	1.03826e-06
2520	1.03579e-06
2521	1.03334e-06
2522	1.03089e-06
2523	1.02844e-06
2524	1.026e-06
2525	1.02357e-06
2526	1.02114e-06
2527	1.01872e-06
2528	1.01631e-06
2529	1.0139e-06
2530	1.01149e-06
2531	1.00909e-06
2532	1.0067e-06
2533	1.00431e-06
2534	1.00193e-06
2535	9.99553e-07
