0.01	1.66666e-07	3.33263e-07	4.16703e-08	1.45057e-12	9.4161e-12
0.02	8.33278e-07	1.16609e-06	8.33697e-08	5.21238e-12	3.67792e-11
0.03	1.9995e-06	2.49776e-06	1.25127e-07	1.12734e-11	8.2085e-11
0.04	3.66466e-06	4.32722e-06	1.66972e-07	1.96127e-11	1.45333e-10
0.05	5.82771e-06	6.65305e-06	2.08934e-07	3.02007e-11	2.26524e-10
0.06	8.48728e-06	9.4735e-06	2.5104e-07	4.29991e-11	3.25667e-10
0.07	1.16416e-05	1.27865e-05	2.9332e-07	5.79607e-11	4.42769e-10
0.08	1.52887e-05	1.65895e-05	3.35801e-07	7.50299e-11	5.77844e-10
0.09	1.94261e-05	2.08799e-05	3.78513e-07	9.41427e-11	7.30908e-10
0.1	2.40511e-05	2.56545e-05	4.21482e-07	1.15227e-10	9.01978e-10
0.11	2.91605e-05	3.09098e-05	4.64737e-07	1.38201e-10	1.09108e-09
0.12	3.4751e-05	3.66422e-05	5.08303e-07	1.62977e-10	1.29823e-09
0.13	4.08188e-05	4.28475e-05	5.52209e-07	1.89458e-10	1.52346e-09
0.14	4.73599e-05	4.95214e-05	5.96479e-07	2.1754e-10	1.7668e-09
0.15	5.43698e-05	5.66591e-05	6.41139e-07	2.47109e-10	2.02829e-09
0.16	6.18439e-05	6.42558e-05	6.86215e-07	2.78049e-10	2.30794e-09
0.17	6.97772e-05	7.23059e-05	7.31732e-07	3.1023e-10	2.6058e-09
0.18	7.81644e-05	8.08041e-05	7.77712e-07	3.43521e-10	2.92191e-09
0.19	8.69998e-05	8.97444e-05	8.2418e-07	3.7778e-10	3.25629e-09
0.2	9.62777e-05	9.91207e-05	8.71159e-07	4.12862e-10	3.609e-09
0.21	0.000105992	0.000108927	9.18669e-07	4.48614e-10	3.98006e-09
0.22	0.000116136	0.000119155	9.66733e-07	4.84877e-10	4.36951e-09
0.23	0.000126703	0.0001298	1.01537e-06	5.21486e-10	4.7774e-09
0.24	0.000137686	0.000140854	1.0646e-06	5.58273e-10	5.20375e-09
0.25	0.000149078	0.000152309	1.11445e-06	5.95062e-10	5.64861e-09
0.26	0.000160872	0.000164158	1.16493e-06	6.31675e-10	6.11202e-09
0.27	0.000173059	0.000176393	1.21605e-06	6.67927e-10	6.594e-09
0.28	0.000185633	0.000189007	1.26784e-06	7.03631e-10	7.09459e-09
0.29	0.000198584	0.00020199	1.32031e-06	7.38596e-10	7.61381e-09
0.3	0.000211905	0.000215334	1.37348e-06	7.72626e-10	8.1517e-09
0.31	0.000225588	0.000229031	1.42736e-06	8.05524e-10	8.70828e-09
0.32	0.000239622	0.000243073	1.48196e-06	8.37089e-10	9.28358e-09
0.33	0.000254001	0.000257449	1.53729e-06	8.67118e-10	9.8776e-09
0.34	0.000268714	0.000272152	1.59337e-06	8.95406e-10	1.04904e-08
0.35	0.000283752	0.000287171	1.65021e-06	9.21747e-10	1.11219e-08
0.36	0.000299106	0.000302499	1.70781e-06	9.45931e-10	1.17721e-08
0.37	0.000314768	0.000318124	1.76618e-06	9.67752e-10	1.24412e-08
0.38	0.000330726	0.000334038	1.82534e-06	9.86998e-10	1.31289e-08
0.39	0.000346972	0.000350232	1.88528e-06	1.00346e-09	1.38354e-08
0.4	0.000363496	0.000366694	1.94601e-06	1.01693e-09	1.45606e-08
0.41	0.000380288	0.000383416	2.00754e-06	1.0272e-09	1.53045e-08
0.42	0.000397338	0.000400388	2.06987e-06	1.03405e-09	1.60671e-08
0.43	0.000414636	0.0004176	2.13301e-06	1.03729e-09	1.68483e-08
0.44	0.000432172	0.000435042	2.19694e-06	1.03671e-09	1.7648e-08
0.45	0.000449937	0.000452704	2.26168e-06	1.0321e-09	1.84663e-08
0.46	0.000467919	0.000470576	2.32722e-06	1.02326e-09	1.9303e-08
0.47	0.000486108	0.000488648	2.39357e-06	1.00999e-09	2.01581e-08
0.48	0.000504496	0.00050691	2.46071e-06	9.92097e-10	2.10315e-08
0.49	0.00052307	0.000525352	2.52865e-06	9.6939e-10	2.19231e-08
0.5	0.000541822	0.000543964	2.59738e-06	9.41677e-10	2.28328e-08
0.51	0.000560741	0.000562736	2.66689e-06	9.08773e-10	2.37606e-08
0.52	0.000579818	0.000581658	2.73718e-06	8.70496e-10	2.47062e-08
0.53	0.000599041	0.000600721	2.80825e-06	8.2667e-10	2.56695e-08
0.54	0.000618401	0.000619914	2.88007e-06	7.77121e-10	2.66505e-08
0.55	0.000637888	0.000639227	2.95266e-06	7.21682e-10	2.76489e-08
0.56	0.000657491	0.000658652	3.02598e-06	6.60192e-10	2.86647e-08
0.57	0.000677202	0.000678179	3.10004e-06	5.92492e-10	2.96975e-08
0.58	0.000697011	0.000697797	3.17482e-06	5.18432e-10	3.07474e-08
0.59	0.000716907	0.000717498	3.25031e-06	4.37866e-10	3.18139e-08
0.6	0.000736881	0.000737271	3.32649e-06	3.50656e-10	3.28971e-08
0.61	0.000756923	0.000757109	3.40336e-06	2.56669e-10	3.39965e-08
0.62	0.000777025	0.000777002	3.48089e-06	1.55778e-10	3.51121e-08
0.63	0.000797176	0.00079694	3.55908e-06	4.78639e-11	3.62435e-08
0.64	0.000817369	0.000816916	3.6379e-06	6.7186e-11	3.73906e-08
0.65	0.000837593	0.000836919	3.71733e-06	1.89477e-10	3.8553e-08
0.66	0.000857839	0.000856942	3.79737e-06	3.19108e-10	3.97305e-08
0.67	0.0008781	0.000876977	3.87798e-06	4.5617e-10	4.09228e-08
0.68	0.000898366	0.000897014	3.95916e-06	6.00745e-10	4.21295e-08
0.69	0.000918629	0.000917046	4.04088e-06	7.52911e-10	4.33505e-08
0.7	0.000938881	0.000937064	4.12313e-06	9.12735e-10	4.45853e-08
0.71	0.000959114	0.000957061	4.20587e-06	1.08028e-09	4.58337e-08
0.72	0.000979319	0.00097703	4.2891e-06	1.25559e-09	4.70952e-08
0.73	0.000999488	0.000996962	4.37278e-06	1.43872e-09	4.83696e-08
0.74	0.00101962	0.00101685	4.4569e-06	1.62971e-09	4.96564e-08
0.75	0.00103969	0.00103669	4.54144e-06	1.82857e-09	5.09553e-08
0.76	0.00105971	0.00105647	4.62636e-06	2.03534e-09	5.2266e-08
0.77	0.00107966	0.00107618	4.71165e-06	2.25002e-09	5.35879e-08
0.78	0.00109955	0.00109583	4.79728e-06	2.47262e-09	5.49207e-08
0.79	0.00111935	0.00111539	4.88323e-06	2.70313e-09	5.62639e-08
0.8	0.00113907	0.00113487	4.96948e-06	2.94155e-09	5.76172e-08
0.81	0.0011587	0.00115427	5.05599e-06	3.18785e-09	5.89801e-08
0.82	0.00117823	0.00117356	5.14274e-06	3.44201e-09	6.03521e-08
0.83	0.00119766	0.00119276	5.22972e-06	3.70399e-09	6.17328e-08
0.84	0.00121698	0.00121184	5.31688e-06	3.97375e-09	6.31216e-08
0.85	0.00123618	0.00123082	5.40421e-06	4.25123e-09	6.45183e-08
0.86	0.00125526	0.00124968	5.49168e-06	4.53638e-09	6.59221e-08
0.87	0.00127422	0.00126841	5.57926e-06	4.82913e-09	6.73327e-08
0.88	0.00129305	0.00128702	5.66693e-06	5.1294e-09	6.87494e-08
0.89	0.00131175	0.0013055	5.75466e-06	5.43712e-09	7.01719e-08
0.9	0.0013303	0.00132384	5.84242e-06	5.7522e-09	7.15996e-08
0.91	0.00134871	0.00134204	5.93019e-06	6.07453e-09	7.3032e-08
0.92	0.00136697	0.00136009	6.01794e-06	6.40402e-09	7.44685e-08
0.93	0.00138509	0.001378	6.10564e-06	6.74055e-09	7.59085e-08
0.94	0.00140304	0.00139575	6.19327e-06	7.08401e-09	7.73516e-08
0.95	0.00142084	0.00141335	6.2808e-06	7.43428e-09	7.87972e-08
0.96	0.00143847	0.0014308	6.36821e-06	7.79122e-09	8.02447e-08
0.97	0.00145593	0.00144808	6.45546e-06	8.1547e-09	8.16935e-08
0.98	0.00147323	0.00146519	6.54253e-06	8.52457e-09	8.31431e-08
0.99	0.00149036	0.00148214	6.62939e-06	8.90069e-09	8.45929e-08
1	0.00150731	0.00149892	6.71602e-06	9.28291e-09	8.60423e-08
1.01	0.00152408	0.00151553	6.80239e-06	9.67105e-09	8.74908e-08
1.02	0.00154068	0.00153196	6.88848e-06	1.0065e-08	8.89377e-08
1.03	0.00155709	0.00154822	6.97425e-06	1.04645e-08	9.03825e-08
1.04	0.00157332	0.0015643	7.05969e-06	1.08694e-08	9.18245e-08
1.05	0.00158936	0.0015802	7.14477e-06	1.12796e-08	9.32632e-08
1.06	0.00160521	0.00159592	7.22946e-06	1.16948e-08	9.4698e-08
1.07	0.00162088	0.00161145	7.31374e-06	1.21149e-08	9.61283e-08
1.08	0.00163636	0.0016268	7.39758e-06	1.25397e-08	9.75535e-08
1.09	0.00165164	0.00164196	7.48096e-06	1.29689e-08	9.89729e-08
1.1	0.00166674	0.00165694	7.56386e-06	1.34024e-08	1.00386e-07
1.11	0.00168164	0.00167173	7.64624e-06	1.384e-08	1.01792e-07
1.12	0.00169634	0.00168634	7.7281e-06	1.42814e-08	1.03191e-07
1.13	0.00171085	0.00170075	7.8094e-06	1.47265e-08	1.04582e-07
1.14	0.00172517	0.00171498	7.89011e-06	1.51751e-08	1.05964e-07
1.15	0.00173929	0.00172901	7.97023e-06	1.56268e-08	1.07336e-07
1.16	0.00175321	0.00174286	8.04972e-06	1.60816e-08	1.08699e-07
1.17	0.00176694	0.00175652	8.12857e-06	1.65391e-08	1.10051e-07
1.18	0.00178047	0.00176998	8.20675e-06	1.69992e-08	1.11393e-07
1.19	0.00179381	0.00178326	8.28424e-06	1.74616e-08	1.12722e-07
1.2	0.00180695	0.00179635	8.36102e-06	1.79261e-08	1.1404e-07
1.21	0.0018199	0.00180925	8.43707e-06	1.83925e-08	1.15344e-07
1.22	0.00183265	0.00182196	8.51237e-06	1.88606e-08	1.16636e-07
1.23	0.00184521	0.00183448	8.5869e-06	1.93301e-08	1.17913e-07
1.24	0.00185757	0.00184682	8.66064e-06	1.98007e-08	1.19176e-07
1.25	0.00186974	0.00185896	8.73357e-06	2.02723e-08	1.20424e-07
1.26	0.00188172	0.00187093	8.80568e-06	2.07447e-08	1.21656e-07
1.27	0.00189351	0.0018827	8.87694e-06	2.12175e-08	1.22873e-07
1.28	0.00190511	0.0018943	8.94734e-06	2.16906e-08	1.24072e-07
1.29	0.00191652	0.00190571	9.01686e-06	2.21637e-08	1.25255e-07
1.3	0.00192774	0.00191693	9.08549e-06	2.26366e-08	1.2642e-07
1.31	0.00193877	0.00192798	9.1532e-06	2.31091e-08	1.27566e-07
1.32	0.00194962	0.00193885	9.21998e-06	2.3581e-08	1.28695e-07
1.33	0.00196029	0.00194954	9.28582e-06	2.40519e-08	1.29804e-07
1.34	0.00197077	0.00196005	9.3507e-06	2.45218e-08	1.30893e-07
1.35	0.00198108	0.00197039	9.41461e-06	2.49903e-08	1.31962e-07
1.36	0.0019912	0.00198055	9.47753e-06	2.54572e-08	1.33011e-07
1.37	0.00200115	0.00199054	9.53945e-06	2.59224e-08	1.34038e-07
1.38	0.00201092	0.00200036	9.60026e-06	2.63856e-08	1.35045e-07
1.39	0.00202051	0.00201001	9.66005e-06	2.68465e-08	1.36029e-07
1.4	0.00202993	0.00201949	9.71881e-06	2.73051e-08	1.36991e-07
1.41	0.00203918	0.00202881	9.77653e-06	2.77609e-08	1.3793e-07
1.42	0.00204827	0.00203796	9.8332e-06	2.8214e-08	1.38846e-07
1.43	0.00205718	0.00204695	9.88879e-06	2.86639e-08	1.39739e-07
1.44	0.00206593	0.00205578	9.94331e-06	2.91106e-08	1.40608e-07
1.45	0.00207452	0.00206445	9.99674e-06	2.95539e-08	1.41379e-07
1.46	0.00208294	0.00207296	1.00491e-05	2.99934e-08	1.42072e-07
1.47	0.00209121	0.00208132	1.01003e-05	3.04291e-08	1.42763e-07
1.48	0.00209931	0.00208952	1.01504e-05	3.08608e-08	1.4345e-07
1.49	0.00210726	0.00209758	1.01993e-05	3.12882e-08	1.44131e-07
1.5	0.00211506	0.00210548	1.02472e-05	3.17112e-08	1.44803e-07
1.51	0.00212271	0.00211323	1.02939e-05	3.21296e-08	1.45463e-07
1.52	0.0021302	0.00212084	1.03394e-05	3.25432e-08	1.46108e-07
1.53	0.00213755	0.00212831	1.03837e-05	3.29519e-08	1.46738e-07
1.54	0.00214476	0.00213563	1.04269e-05	3.33554e-08	1.47348e-07
1.55	0.00215182	0.00214282	1.0469e-05	3.37537e-08	1.47937e-07
1.56	0.00215874	0.00214986	1.05098e-05	3.41465e-08	1.48503e-07
1.57	0.00216552	0.00215677	1.05494e-05	3.45337e-08	1.49043e-07
1.58	0.00217216	0.00216355	1.05879e-05	3.49152e-08	1.49556e-07
1.59	0.00217867	0.0021702	1.06251e-05	3.52907e-08	1.50038e-07
1.6	0.00218504	0.00217671	1.06612e-05	3.56602e-08	1.50488e-07
1.61	0.00219128	0.0021831	1.0696e-05	3.60236e-08	1.50904e-07
1.62	0.0021974	0.00218936	1.07296e-05	3.63806e-08	1.51284e-07
1.63	0.00220339	0.0021955	1.0762e-05	3.67312e-08	1.51626e-07
1.64	0.00220925	0.00220151	1.07932e-05	3.70752e-08	1.51928e-07
1.65	0.00221499	0.00220741	1.08232e-05	3.74126e-08	1.52188e-07
1.66	0.00222061	0.00221318	1.08519e-05	3.77432e-08	1.52405e-07
1.67	0.00222611	0.00221884	1.08794e-05	3.80668e-08	1.52578e-07
1.68	0.00223149	0.00222439	1.09056e-05	3.83834e-08	1.52703e-07
1.69	0.00223676	0.00222983	1.09307e-05	3.8693e-08	1.52781e-07
1.7	0.00224192	0.00223515	1.09545e-05	3.89953e-08	1.52809e-07
1.71	0.00224697	0.00224036	1.0977e-05	3.92904e-08	1.52958e-07
1.72	0.00225191	0.00224547	1.09984e-05	3.9578e-08	1.53078e-07
1.73	0.00225674	0.00225048	1.10184e-05	3.98583e-08	1.53168e-07
1.74	0.00226146	0.00225538	1.10373e-05	4.0131e-08	1.53229e-07
1.75	0.00226609	0.00226018	1.10549e-05	4.03961e-08	1.5326e-07
1.76	0.00227061	0.00226488	1.10713e-05	4.06535e-08	1.53262e-07
1.77	0.00227503	0.00226948	1.10864e-05	4.09033e-08	1.53234e-07
1.78	0.00227935	0.00227399	1.11004e-05	4.11452e-08	1.53178e-07
1.79	0.00228358	0.0022784	1.11132e-05	4.13794e-08	1.53092e-07
1.8	0.00228772	0.00228272	1.11248e-05	4.16057e-08	1.52977e-07
1.81	0.00229176	0.00228696	1.11351e-05	4.18241e-08	1.52834e-07
1.82	0.00229572	0.0022911	1.11443e-05	4.20346e-08	1.52661e-07
1.83	0.00229958	0.00229515	1.11522e-05	4.22371e-08	1.5246e-07
1.84	0.00230336	0.00229912	1.11589e-05	4.24316e-08	1.52231e-07
1.85	0.00230706	0.00230301	1.11644e-05	4.26181e-08	1.51973e-07
1.86	0.00231067	0.00230681	1.11687e-05	4.27967e-08	1.51688e-07
1.87	0.00231419	0.00231054	1.11718e-05	4.29672e-08	1.51375e-07
1.88	0.00231764	0.00231418	1.11737e-05	4.31296e-08	1.51034e-07
1.89	0.00232101	0.00231775	1.11744e-05	4.32841e-08	1.50666e-07
1.9	0.0023243	0.00232124	1.11739e-05	4.34305e-08	1.5027e-07
1.91	0.00232752	0.00232465	1.11722e-05	4.3569e-08	1.49848e-07
1.92	0.00233066	0.002328	1.11694e-05	4.36995e-08	1.494e-07
1.93	0.00233373	0.00233127	1.11654e-05	4.38219e-08	1.48925e-07
1.94	0.00233673	0.00233447	1.11602e-05	4.39365e-08	1.48424e-07
1.95	0.00233966	0.0023376	1.11539e-05	4.40431e-08	1.47897e-07
1.96	0.00234253	0.00234067	1.11464e-05	4.41419e-08	1.47346e-07
1.97	0.00234532	0.00234367	1.11377e-05	4.42328e-08	1.46769e-07
1.98	0.00234805	0.0023466	1.1128e-05	4.4316e-08	1.46168e-07
1.99	0.00235072	0.00234948	1.11171e-05	4.43914e-08	1.45542e-07
2	0.00235332	0.00235229	1.1105e-05	4.44591e-08	1.44892e-07
2.01	0.00235586	0.00235504	1.10919e-05	4.45192e-08	1.44219e-07
2.02	0.00235835	0.00235773	1.10776e-05	4.45716e-08	1.43523e-07
2.03	0.00236077	0.00236036	1.10623e-05	4.46166e-08	1.42804e-07
2.04	0.00236314	0.00236294	1.10458e-05	4.46542e-08	1.42063e-07
2.05	0.00236545	0.00236546	1.10283e-05	4.46843e-08	1.41299e-07
2.06	0.0023677	0.00236792	1.10097e-05	4.47072e-08	1.40515e-07
2.07	0.0023699	0.00237034	1.099e-05	4.47229e-08	1.39709e-07
2.08	0.00237205	0.0023727	1.09692e-05	4.47314e-08	1.38882e-07
2.09	0.00237415	0.002375	1.09474e-05	4.47329e-08	1.38036e-07
2.1	0.00237619	0.00237726	1.09246e-05	4.47274e-08	1.37169e-07
2.11	0.00237819	0.00237947	1.09007e-05	4.47151e-08	1.36284e-07
2.12	0.00238014	0.00238164	1.08758e-05	4.4696e-08	1.3538e-07
2.13	0.00238204	0.00238375	1.08499e-05	4.46703e-08	1.34457e-07
2.14	0.00238389	0.00238582	1.0823e-05	4.4638e-08	1.33517e-07
2.15	0.0023857	0.00238785	1.07951e-05	4.45993e-08	1.3256e-07
2.16	0.00238747	0.00238983	1.07662e-05	4.45542e-08	1.31585e-07
2.17	0.00238919	0.00239177	1.07364e-05	4.45029e-08	1.30595e-07
2.18	0.00239087	0.00239366	1.07056e-05	4.44455e-08	1.29589e-07
2.19	0.0023925	0.00239552	1.06738e-05	4.43822e-08	1.28568e-07
2.2	0.0023941	0.00239733	1.06411e-05	4.4313e-08	1.27532e-07
2.21	0.00239566	0.00239911	1.06075e-05	4.4238e-08	1.26482e-07
2.22	0.00239717	0.00240085	1.05729e-05	4.41574e-08	1.25419e-07
2.23	0.00239865	0.00240255	1.05375e-05	4.40714e-08	1.24342e-07
2.24	0.0024001	0.00240421	1.05011e-05	4.398e-08	1.23254e-07
2.25	0.0024015	0.00240584	1.04639e-05	4.38834e-08	1.22153e-07
2.26	0.00240287	0.00240743	1.04258e-05	4.37817e-08	1.21041e-07
2.27	0.00240421	0.00240899	1.03869e-05	4.36751e-08	1.19919e-07
2.28	0.00240551	0.00241051	1.03471e-05	4.35636e-08	1.18786e-07
2.29	0.00240677	0.00241201	1.03065e-05	4.34476e-08	1.17644e-07
2.3	0.00240801	0.00241347	1.0265e-05	4.3327e-08	1.16493e-07
2.31	0.00240921	0.00241489	1.02228e-05	4.3202e-08	1.15334e-07
2.32	0.00241038	0.00241629	1.01798e-05	4.30729e-08	1.14167e-07
2.33	0.00241152	0.00241766	1.0136e-05	4.29396e-08	1.12993e-07
2.34	0.00241263	0.002419	1.00914e-05	4.28025e-08	1.11812e-07
2.35	0.00241371	0.00242031	1.00461e-05	4.26616e-08	1.10625e-07
2.36	0.00241477	0.00242159	1.00001e-05	4.25171e-08	1.09433e-07
2.37	0.00241579	0.00242284	9.9533e-06	4.23691e-08	1.08236e-07
2.38	0.00241679	0.00242407	9.90583e-06	4.22178e-08	1.07036e-07
2.39	0.00241776	0.00242527	9.85766e-06	4.20634e-08	1.05831e-07
2.4	0.0024187	0.00242644	9.80882e-06	4.1906e-08	1.04624e-07
2.41	0.00241962	0.00242759	9.75932e-06	4.17457e-08	1.03414e-07
2.42	0.00242051	0.00242872	9.70918e-06	4.15828e-08	1.02203e-07
2.43	0.00242137	0.00242982	9.6584e-06	4.14174e-08	1.00991e-07
2.44	0.00242221	0.0024309	9.60701e-06	4.12496e-08	9.97781e-08
2.45	0.00242303	0.00243195	9.55502e-06	4.10796e-08	9.85655e-08
2.46	0.00242383	0.00243299	9.50245e-06	4.09075e-08	9.73537e-08
2.47	0.0024246	0.002434	9.44931e-06	4.07336e-08	9.61432e-08
2.48	0.00242535	0.00243499	9.39562e-06	4.0558e-08	9.49348e-08
2.49	0.00242607	0.00243596	9.34139e-06	4.03808e-08	9.37289e-08
2.5	0.00242678	0.0024369	9.28665e-06	4.02022e-08	9.25262e-08
2.51	0.00242746	0.00243783	9.23141e-06	4.00224e-08	9.13273e-08
2.52	0.00242813	0.00243874	9.17568e-06	3.98415e-08	9.01328e-08
2.53	0.00242877	0.00243963	9.11949e-06	3.96597e-08	8.89432e-08
2.54	0.00242939	0.0024405	9.06285e-06	3.94771e-08	8.77593e-08
2.55	0.00242999	0.00244135	9.00578e-06	3.92939e-08	8.65815e-08
2.56	0.00243058	0.00244219	8.9483e-06	3.91103e-08	8.54105e-08
2.57	0.00243114	0.002443	8.89042e-06	3.89263e-08	8.42469e-08
2.58	0.00243169	0.0024438	8.83216e-06	3.87423e-08	8.30911e-08
2.59	0.00243221	0.00244458	8.77355e-06	3.85582e-08	8.19439e-08
2.6	0.00243272	0.00244535	8.7146e-06	3.83743e-08	8.08057e-08
2.61	0.00243321	0.0024461	8.65532e-06	3.81908e-08	7.96771e-08
2.62	0.00243369	0.00244683	8.59575e-06	3.80077e-08	7.85588e-08
2.63	0.00243414	0.00244755	8.53589e-06	3.78252e-08	7.74511e-08
2.64	0.00243458	0.00244825	8.47577e-06	3.76435e-08	7.63548e-08
2.65	0.00243501	0.00244894	8.41541e-06	3.74627e-08	7.52703e-08
2.66	0.00243542	0.00244962	8.35482e-06	3.7283e-08	7.41982e-08
2.67	0.00243581	0.00245028	8.29404e-06	3.71045e-08	7.3139e-08
2.68	0.00243618	0.00245092	8.23307e-06	3.69274e-08	7.20933e-08
2.69	0.00243654	0.00245156	8.17194e-06	3.67517e-08	7.10614e-08
2.7	0.00243689	0.00245218	8.11067e-06	3.65777e-08	7.00441e-08
2.71	0.00243721	0.00245278	8.04928e-06	3.64054e-08	6.90417e-08
2.72	0.00243753	0.00245338	7.98779e-06	3.6235e-08	6.80548e-08
2.73	0.00243783	0.00245396	7.92623e-06	3.60667e-08	6.70838e-08
2.74	0.00243811	0.00245453	7.86461e-06	3.59006e-08	6.61293e-08
2.75	0.00243838	0.00245508	7.80296e-06	3.57367e-08	6.51916e-08
2.76	0.00243864	0.00245563	7.7413e-06	3.55752e-08	6.42714e-08
2.77	0.00243888	0.00245616	7.67965e-06	3.54163e-08	6.33689e-08
2.78	0.00243911	0.00245668	7.61804e-06	3.52601e-08	6.24847e-08
2.79	0.00243933	0.0024572	7.55649e-06	3.51066e-08	6.16193e-08
2.8	0.00243953	0.0024577	7.49502e-06	3.4956e-08	6.07729e-08
2.81	0.00243972	0.00245819	7.43365e-06	3.48085e-08	5.99462e-08
2.82	0.00243989	0.00245867	7.37242e-06	3.46641e-08	5.91394e-08
2.83	0.00244006	0.00245914	7.31134e-06	3.45229e-08	5.83529e-08
2.84	0.00244021	0.0024596	7.25044e-06	3.4385e-08	5.75872e-08
2.85	0.00244034	0.00246005	7.18974e-06	3.42506e-08	5.68427e-08
2.86	0.00244047	0.00246049	7.12927e-06	3.41198e-08	5.61197e-08
2.87	0.00244058	0.00246092	7.06906e-06	3.39925e-08	5.54185e-08
2.88	0.00244067	0.00246134	7.00913e-06	3.3869e-08	5.47395e-08
2.89	0.00244076	0.00246175	6.9495e-06	3.37494e-08	5.40831e-08
2.9	0.00244083	0.00246215	6.89021e-06	3.36336e-08	5.34496e-08
2.91	0.0024409	0.00246255	6.83128e-06	3.35219e-08	5.28392e-08
2.92	0.00244095	0.00246293	6.77273e-06	3.34142e-08	5.22524e-08
2.93	0.00244098	0.00246331	6.7146e-06	3.33108e-08	5.16893e-08
2.94	0.00244101	0.00246368	6.65691e-06	3.32115e-08	5.11504e-08
2.95	0.00244102	0.00246404	6.59969e-06	3.31166e-08	5.06357e-08
2.96	0.00244102	0.0024644	6.54297e-06	3.3026e-08	5.01457e-08
2.97	0.00244101	0.00246474	6.48677e-06	3.29399e-08	4.96805e-08
2.98	0.00244099	0.00246508	6.43114e-06	3.28583e-08	4.92403e-08
2.99	0.00244096	0.00246541	6.37609e-06	3.27813e-08	4.88255e-08
3	0.00244091	0.00246573	6.32165e-06	3.27089e-08	4.84362e-08
3.01	0.00244085	0.00246605	6.26787e-06	3.26412e-08	4.80726e-08
3.02	0.00244078	0.00246635	6.21476e-06	3.25782e-08	4.77348e-08
3.03	0.0024407	0.00246665	6.16236e-06	3.252e-08	4.74232e-08
3.04	0.00244061	0.00246695	6.1107e-06	3.24666e-08	4.71377e-08
3.05	0.0024405	0.00246724	6.05982e-06	3.2418e-08	4.68786e-08
3.06	0.00244039	0.00246752	6.00974e-06	3.23744e-08	4.66461e-08
3.07	0.00244026	0.00246779	5.9605e-06	3.23356e-08	4.64401e-08
3.08	0.00244012	0.00246806	5.91213e-06	3.23019e-08	4.62608e-08
3.09	0.00243996	0.00246832	5.86467e-06	3.22731e-08	4.61084e-08
3.1	0.0024398	0.00246857	5.81815e-06	3.22493e-08	4.59829e-08
3.11	0.00243962	0.00246882	5.7726e-06	3.22305e-08	4.58843e-08
3.12	0.00243944	0.00246906	5.72807e-06	3.22168e-08	4.58128e-08
3.13	0.00243924	0.00246929	5.68458e-06	3.22081e-08	4.57683e-08
3.14	0.00243902	0.00246952	5.64218e-06	3.22044e-08	4.57509e-08
3.15	0.0024388	0.00246974	5.6009e-06	3.22058e-08	4.57607e-08
3.16	0.00243856	0.00246996	5.56078e-06	3.22123e-08	4.57975e-08
3.17	0.00243832	0.00247017	5.52185e-06	3.22238e-08	4.58614e-08
3.18	0.00243805	0.00247037	5.48417e-06	3.22403e-08	4.59524e-08
3.19	0.00243778	0.00247057	5.44775e-06	3.22619e-08	4.60704e-08
3.2	0.00243749	0.00247077	5.41266e-06	3.22884e-08	4.62154e-08
3.21	0.0024372	0.00247095	5.37891e-06	3.232e-08	4.63873e-08
3.22	0.00243688	0.00247114	5.34657e-06	3.23566e-08	4.65861e-08
3.23	0.00243656	0.00247131	5.31567e-06	3.23981e-08	4.68116e-08
3.24	0.00243622	0.00247148	5.28624e-06	3.24445e-08	4.70637e-08
3.25	0.00243587	0.00247165	5.25835e-06	3.24958e-08	4.73423e-08
3.26	0.00243551	0.00247181	5.23202e-06	3.2552e-08	4.76473e-08
3.27	0.00243513	0.00247196	5.20731e-06	3.2613e-08	4.79785e-08
3.28	0.00243474	0.00247211	5.18426e-06	3.26787e-08	4.83359e-08
3.29	0.00243434	0.00247226	5.16291e-06	3.27492e-08	4.87191e-08
3.3	0.00243392	0.0024724	5.14332e-06	3.28244e-08	4.9128e-08
3.31	0.00243349	0.00247253	5.12553e-06	3.29042e-08	4.95625e-08
3.32	0.00243304	0.00247266	5.10959e-06	3.29885e-08	5.00222e-08
3.33	0.00243258	0.00247278	5.09555e-06	3.30774e-08	5.05071e-08
3.34	0.0024321	0.0024729	5.08346e-06	3.31707e-08	5.10168e-08
3.35	0.00243161	0.00247301	5.07337e-06	3.32684e-08	5.1551e-08
3.36	0.00243111	0.00247312	5.06533e-06	3.33704e-08	5.21097e-08
3.37	0.00243059	0.00247322	5.05941e-06	3.34766e-08	5.26923e-08
3.38	0.00243005	0.00247332	5.05564e-06	3.3587e-08	5.32988e-08
3.39	0.0024295	0.00247341	5.05409e-06	3.37015e-08	5.39287e-08
3.4	0.00242893	0.0024735	5.05481e-06	3.382e-08	5.45818e-08
3.41	0.00242835	0.00247358	5.05785e-06	3.39424e-08	5.52577e-08
3.42	0.00242775	0.00247366	5.06329e-06	3.40687e-08	5.59561e-08
3.43	0.00242713	0.00247373	5.07117e-06	3.41987e-08	5.66766e-08
3.44	0.0024265	0.00247379	5.08156e-06	3.43323e-08	5.74189e-08
3.45	0.00242585	0.00247386	5.09452e-06	3.44696e-08	5.81827e-08
3.46	0.00242518	0.00247391	5.1101e-06	3.46102e-08	5.89675e-08
3.47	0.0024245	0.00247396	5.12838e-06	3.47542e-08	5.97729e-08
3.48	0.00242379	0.00247401	5.14942e-06	3.49015e-08	6.05986e-08
3.49	0.00242307	0.00247405	5.17328e-06	3.50519e-08	6.1444e-08
3.5	0.00242233	0.00247409	5.20004e-06	3.52054e-08	6.23089e-08
3.51	0.00242157	0.00247412	5.22975e-06	3.53618e-08	6.31927e-08
3.52	0.00242079	0.00247414	5.2625e-06	3.5521e-08	6.4095e-08
3.53	0.00242	0.00247416	5.29835e-06	3.56829e-08	6.50153e-08
3.54	0.00241918	0.00247418	5.33737e-06	3.58474e-08	6.59532e-08
3.55	0.00241834	0.00247419	5.37964e-06	3.60143e-08	6.69083e-08
3.56	0.00241748	0.00247419	5.42524e-06	3.61836e-08	6.78799e-08
3.57	0.0024166	0.00247419	5.47424e-06	3.63551e-08	6.88676e-08
3.58	0.00241569	0.00247418	5.52671e-06	3.65286e-08	6.98709e-08
3.59	0.00241477	0.00247417	5.58275e-06	3.67042e-08	7.08893e-08
3.6	0.00241382	0.00247415	5.64243e-06	3.68815e-08	7.19223e-08
3.61	0.00241285	0.00247413	5.70584e-06	3.70606e-08	7.29692e-08
3.62	0.00241186	0.0024741	5.77305e-06	3.72412e-08	7.40297e-08
3.63	0.00241084	0.00247406	5.84416e-06	3.74233e-08	7.5103e-08
3.64	0.0024098	0.00247402	5.91926e-06	3.76066e-08	7.61888e-08
3.65	0.00240873	0.00247398	5.99843e-06	3.77911e-08	7.72863e-08
3.66	0.00240764	0.00247392	6.08178e-06	3.79766e-08	7.83951e-08
3.67	0.00240652	0.00247387	6.16938e-06	3.8163e-08	7.95145e-08
3.68	0.00240538	0.0024738	6.26134e-06	3.83501e-08	8.06439e-08
3.69	0.00240421	0.00247373	6.35776e-06	3.85378e-08	8.17828e-08
3.7	0.00240301	0.00247365	6.45873e-06	3.87259e-08	8.29306e-08
3.71	0.00240178	0.00247357	6.56437e-06	3.89144e-08	8.40866e-08
3.72	0.00240053	0.00247348	6.67476e-06	3.91029e-08	8.52502e-08
3.73	0.00239924	0.00247339	6.79002e-06	3.92915e-08	8.64208e-08
3.74	0.00239793	0.00247329	6.91026e-06	3.948e-08	8.75978e-08
3.75	0.00239658	0.00247318	7.03559e-06	3.96681e-08	8.87805e-08
3.76	0.00239521	0.00247306	7.16611e-06	3.98559e-08	8.99684e-08
3.77	0.0023938	0.00247294	7.30195e-06	4.0043e-08	9.11607e-08
3.78	0.00239236	0.00247281	7.44323e-06	4.02294e-08	9.23568e-08
3.79	0.00239088	0.00247268	7.59005e-06	4.04149e-08	9.35561e-08
3.8	0.00238938	0.00247253	7.74256e-06	4.05994e-08	9.47579e-08
3.81	0.00238783	0.00247238	7.90086e-06	4.07826e-08	9.59615e-08
3.82	0.00238626	0.00247223	8.0651e-06	4.09646e-08	9.71664e-08
3.83	0.00238464	0.00247206	8.23539e-06	4.1145e-08	9.83717e-08
3.84	0.00238299	0.00247189	8.41188e-06	4.13238e-08	9.95769e-08
3.85	0.0023813	0.00247171	8.5947e-06	4.15009e-08	1.00781e-07
3.86	0.00237957	0.00247152	8.78398e-06	4.1676e-08	1.01984e-07
3.87	0.00237781	0.00247132	8.97987e-06	4.1849e-08	1.03185e-07
3.88	0.002376	0.00247112	9.18252e-06	4.20197e-08	1.04383e-07
3.89	0.00237415	0.00247091	9.39207e-06	4.21881e-08	1.05577e-07
3.9	0.00237226	0.00247069	9.60868e-06	4.2354e-08	1.06767e-07
3.91	0.00237033	0.00247046	9.83249e-06	4.25172e-08	1.07953e-07
3.92	0.00236835	0.00247022	1.00637e-05	4.26775e-08	1.09132e-07
3.93	0.00236633	0.00246997	1.03024e-05	4.2835e-08	1.10306e-07
3.94	0.00236426	0.00246971	1.05487e-05	4.29893e-08	1.11472e-07
3.95	0.00236214	0.00246945	1.0803e-05	4.31403e-08	1.12631e-07
3.96	0.00235997	0.00246917	1.10653e-05	4.3288e-08	1.13782e-07
3.97	0.00235776	0.00246889	1.13357e-05	4.34322e-08	1.14924e-07
3.98	0.0023555	0.0024686	1.16146e-05	4.35727e-08	1.16056e-07
3.99	0.00235318	0.00246829	1.1902e-05	4.37093e-08	1.17177e-07
4	0.00235081	0.00246798	1.21981e-05	4.38421e-08	1.18288e-07
4.01	0.00234839	0.00246765	1.25032e-05	4.39708e-08	1.19387e-07
4.02	0.00234591	0.00246732	1.28174e-05	4.40953e-08	1.20474e-07
4.03	0.00234338	0.00246697	1.3141e-05	4.42155e-08	1.21547e-07
4.04	0.00234079	0.00246661	1.3474e-05	4.43313e-08	1.22607e-07
4.05	0.00233814	0.00246624	1.38168e-05	4.44424e-08	1.23653e-07
4.06	0.00233543	0.00246586	1.41696e-05	4.45489e-08	1.24683e-07
4.07	0.00233266	0.00246547	1.45324e-05	4.46506e-08	1.25698e-07
4.08	0.00232983	0.00246507	1.49057e-05	4.47473e-08	1.26697e-07
4.09	0.00232693	0.00246465	1.52895e-05	4.4839e-08	1.27679e-07
4.1	0.00232397	0.00246422	1.56841e-05	4.49255e-08	1.28643e-07
4.11	0.00232094	0.00246378	1.60898e-05	4.50068e-08	1.29589e-07
4.12	0.00231784	0.00246333	1.65068e-05	4.50827e-08	1.30516e-07
4.13	0.00231467	0.00246286	1.69353e-05	4.51532e-08	1.31423e-07
4.14	0.00231143	0.00246238	1.73755e-05	4.52181e-08	1.3231e-07
4.15	0.00230811	0.00246188	1.78278e-05	4.52773e-08	1.33177e-07
4.16	0.00230472	0.00246137	1.82923e-05	4.53307e-08	1.34022e-07
4.17	0.00230126	0.00246085	1.87694e-05	4.53783e-08	1.34846e-07
4.18	0.00229772	0.00246031	1.92592e-05	4.54199e-08	1.35646e-07
4.19	0.00229409	0.00245976	1.97621e-05	4.54556e-08	1.36424e-07
4.2	0.00229039	0.00245919	2.02783e-05	4.54851e-08	1.37178e-07
4.21	0.0022866	0.0024586	2.08082e-05	4.55084e-08	1.37908e-07
4.22	0.00228273	0.002458	2.13519e-05	4.55255e-08	1.38612e-07
4.23	0.00227877	0.00245739	2.19097e-05	4.55363e-08	1.39292e-07
4.24	0.00227472	0.00245675	2.24821e-05	4.55407e-08	1.39945e-07
4.25	0.00227058	0.0024561	2.30692e-05	4.55386e-08	1.40572e-07
4.26	0.00226635	0.00245543	2.36714e-05	4.553e-08	1.41172e-07
4.27	0.00226202	0.00245475	2.4289e-05	4.55149e-08	1.41745e-07
4.28	0.0022576	0.00245404	2.49223e-05	4.54932e-08	1.42289e-07
4.29	0.00225308	0.00245332	2.55715e-05	4.54648e-08	1.42805e-07
4.3	0.00224845	0.00245258	2.62372e-05	4.54297e-08	1.43292e-07
4.31	0.00224373	0.00245182	2.69195e-05	4.53879e-08	1.43749e-07
4.32	0.0022389	0.00245104	2.76188e-05	4.53393e-08	1.44176e-07
4.33	0.00223396	0.00245024	2.83354e-05	4.52839e-08	1.44573e-07
4.34	0.00222891	0.00244942	2.90697e-05	4.52218e-08	1.44939e-07
4.35	0.00222375	0.00244857	2.98221e-05	4.51528e-08	1.45273e-07
4.36	0.00221848	0.00244771	3.05929e-05	4.50769e-08	1.45576e-07
4.37	0.00221308	0.00244683	3.13825e-05	4.49942e-08	1.45846e-07
4.38	0.00220758	0.00244592	3.21912e-05	4.49046e-08	1.46084e-07
4.39	0.00220194	0.00244499	3.30194e-05	4.48082e-08	1.46289e-07
4.4	0.00219619	0.00244403	3.38674e-05	4.4705e-08	1.4646e-07
4.41	0.00219031	0.00244306	3.47358e-05	4.45948e-08	1.46598e-07
4.42	0.0021843	0.00244205	3.56248e-05	4.44779e-08	1.46702e-07
4.43	0.00217816	0.00244103	3.65349e-05	4.43542e-08	1.46771e-07
4.44	0.00217188	0.00243998	3.74664e-05	4.42236e-08	1.46805e-07
4.45	0.00216547	0.0024389	3.84199e-05	4.40863e-08	1.46804e-07
4.46	0.00215892	0.0024378	3.93955e-05	4.39424e-08	1.46768e-07
4.47	0.00215222	0.00243667	4.03939e-05	4.37917e-08	1.46696e-07
4.48	0.00214539	0.00243551	4.14154e-05	4.36344e-08	1.46588e-07
4.49	0.0021384	0.00243432	4.24605e-05	4.34705e-08	1.46443e-07
4.5	0.00213126	0.00243311	4.35295e-05	4.33001e-08	1.46262e-07
4.51	0.00212398	0.00243187	4.46229e-05	4.31232e-08	1.46045e-07
4.52	0.00211653	0.0024306	4.57413e-05	4.29399e-08	1.4579e-07
4.53	0.00210893	0.0024293	4.68849e-05	4.27503e-08	1.45498e-07
4.54	0.00210116	0.00242797	4.80543e-05	4.25545e-08	1.45169e-07
4.55	0.00209323	0.0024266	4.92499e-05	4.23524e-08	1.44802e-07
4.56	0.00208513	0.00242521	5.04722e-05	4.21443e-08	1.44397e-07
4.57	0.00207686	0.00242378	5.17215e-05	4.19302e-08	1.43954e-07
4.58	0.00206842	0.00242232	5.29985e-05	4.17102e-08	1.43473e-07
4.59	0.0020598	0.00242083	5.43035e-05	4.14844e-08	1.43029e-07
4.6	0.002051	0.00241931	5.5637e-05	4.12529e-08	1.42609e-07
4.61	0.00204201	0.00241775	5.69995e-05	4.10159e-08	1.4213e-07
4.62	0.00203284	0.00241615	5.83915e-05	4.07734e-08	1.41596e-07
4.63	0.00202348	0.00241452	5.98135e-05	4.05255e-08	1.41007e-07
4.64	0.00201393	0.00241285	6.12659e-05	4.02725e-08	1.40365e-07
4.65	0.00200418	0.00241115	6.27492e-05	4.00143e-08	1.39671e-07
4.66	0.00199424	0.0024094	6.4264e-05	3.97513e-08	1.38928e-07
4.67	0.00198409	0.00240762	6.58107e-05	3.94834e-08	1.38136e-07
4.68	0.00197373	0.0024058	6.73898e-05	3.92109e-08	1.37298e-07
4.69	0.00196317	0.00240394	6.90018e-05	3.89338e-08	1.36415e-07
4.7	0.00195239	0.00240205	7.06472e-05	3.86525e-08	1.3549e-07
4.71	0.0019414	0.00240011	7.23265e-05	3.83669e-08	1.34524e-07
4.72	0.00193019	0.00239813	7.40402e-05	3.80773e-08	1.33519e-07
4.73	0.00191876	0.0023961	7.57888e-05	3.77839e-08	1.32478e-07
4.74	0.0019071	0.00239404	7.75728e-05	3.74868e-08	1.31402e-07
4.75	0.00189522	0.00239193	7.93926e-05	3.71862e-08	1.30294e-07
4.76	0.0018831	0.00238978	8.12488e-05	3.68823e-08	1.29155e-07
4.77	0.00187075	0.00238758	8.31418e-05	3.65753e-08	1.27989e-07
4.78	0.00185816	0.00238534	8.50722e-05	3.62653e-08	1.26797e-07
4.79	0.00184533	0.00238305	8.70404e-05	3.59525e-08	1.25581e-07
4.8	0.00183226	0.00238072	8.9047e-05	3.56372e-08	1.24345e-07
4.81	0.00181893	0.00237833	9.10923e-05	3.53196e-08	1.23091e-07
4.82	0.00180536	0.00237591	9.31768e-05	3.49998e-08	1.2182e-07
4.83	0.00179153	0.00237343	9.53011e-05	3.46781e-08	1.20536e-07
4.84	0.00177745	0.0023709	9.74656e-05	3.43547e-08	1.19241e-07
4.85	0.00176311	0.00236833	9.96707e-05	3.40297e-08	1.17766e-07
4.86	0.0017485	0.0023657	0.000101917	3.37035e-08	1.16256e-07
4.87	0.00173363	0.00236303	0.000104205	3.33762e-08	1.1471e-07
4.88	0.00171849	0.0023603	0.000106534	3.3048e-08	1.1313e-07
4.89	0.00170308	0.00235752	0.000108906	3.27192e-08	1.11515e-07
4.9	0.00168739	0.00235469	0.000111321	3.239e-08	1.09866e-07
4.91	0.00167142	0.00235181	0.000113779	3.20607e-08	1.08183e-07
4.92	0.00165518	0.00234887	0.000116281	3.17314e-08	1.06466e-07
4.93	0.00163865	0.00234588	0.000118827	3.14024e-08	1.04716e-07
4.94	0.00162184	0.00234284	0.000121417	3.10739e-08	1.02934e-07
4.95	0.00160474	0.00233974	0.000124051	3.07462e-08	1.01119e-07
4.96	0.00158736	0.00233659	0.000126731	3.04194e-08	9.92718e-08
4.97	0.00156968	0.00233338	0.000129456	3.00939e-08	9.73935e-08
4.98	0.0015517	0.00233011	0.000132227	2.97699e-08	9.5484e-08
4.99	0.00153343	0.00232679	0.000135044	2.94476e-08	9.3544e-08
5	0.00151486	0.00232341	0.000137907	2.91272e-08	9.15739e-08
5.01	0.00149599	0.00231997	0.000140817	2.88091e-08	8.95741e-08
5.02	0.00147682	0.00231648	0.000143774	2.84933e-08	8.75451e-08
5.03	0.00145735	0.00231292	0.000146777	2.81803e-08	8.54875e-08
5.04	0.00143757	0.00230931	0.000149828	2.78701e-08	8.34018e-08
5.05	0.00141749	0.00230564	0.000152927	2.7563e-08	8.12884e-08
5.06	0.00139709	0.00230192	0.000156072	2.72594e-08	7.9148e-08
5.07	0.00137639	0.00229813	0.000159266	2.69593e-08	7.69811e-08
5.08	0.00135538	0.00229428	0.000162508	2.66631e-08	7.47883e-08
5.09	0.00133406	0.00229038	0.000165797	2.6371e-08	7.25701e-08
5.1	0.00131243	0.00228641	0.000169135	2.60831e-08	7.03271e-08
5.11	0.00129049	0.00228239	0.00017252	2.57998e-08	6.806e-08
5.12	0.00126823	0.0022783	0.000175954	2.55212e-08	6.57693e-08
5.13	0.00124566	0.00227416	0.000179436	2.52476e-08	6.34557e-08
5.14	0.00122279	0.00226995	0.000182966	2.49792e-08	6.11198e-08
5.15	0.0011996	0.00226569	0.000186543	2.47162e-08	5.87622e-08
5.16	0.00117609	0.00226137	0.000190169	2.44588e-08	5.63836e-08
5.17	0.00115228	0.00225698	0.000193843	2.42072e-08	5.39847e-08
5.18	0.00112816	0.00225254	0.000197564	2.39616e-08	5.15661e-08
5.19	0.00110374	0.00224804	0.000201332	2.37223e-08	4.91285e-08
5.2	0.001079	0.00224348	0.000205148	2.34893e-08	4.66726e-08
5.21	0.00105396	0.00223886	0.00020901	2.32629e-08	4.41992e-08
5.22	0.00102861	0.00223419	0.000212919	2.30434e-08	4.17088e-08
5.23	0.00100297	0.00222945	0.000216874	2.28307e-08	3.92022e-08
5.24	0.000977022	0.00222466	0.000220875	2.26252e-08	3.66802e-08
5.25	0.000950779	0.00221981	0.000224922	2.2427e-08	3.41435e-08
5.26	0.000924242	0.00221491	0.000229014	2.22362e-08	3.15928e-08
5.27	0.000897414	0.00220994	0.00023315	2.2053e-08	2.90289e-08
5.28	0.000870298	0.00220493	0.00023733	2.18776e-08	2.64525e-08
5.29	0.000842898	0.00219986	0.000241554	2.171e-08	2.38644e-08
5.3	0.000815216	0.00219473	0.00024582	2.15505e-08	2.12654e-08
5.31	0.000787259	0.00218955	0.000250128	2.13991e-08	1.86562e-08
5.32	0.000759029	0.00218432	0.000254478	2.1256e-08	1.60376e-08
5.33	0.000730531	0.00217904	0.000258869	2.11212e-08	1.34104e-08
5.34	0.000701771	0.00217371	0.000263299	2.09949e-08	1.07754e-08
5.35	0.000672754	0.00216833	0.000267769	2.08771e-08	8.13343e-09
5.36	0.000643484	0.0021629	0.000272276	2.0768e-08	5.48524e-09
5.37	0.000613968	0.00215742	0.000276821	2.06675e-08	2.83167e-09
5.38	0.000584213	0.00215189	0.000281402	2.05759e-08	1.73516e-10
5.39	0.000554223	0.00214632	0.000286019	2.04931e-08	2.48839e-09
5.4	0.000524007	0.00214071	0.000290669	2.04191e-08	5.15323e-09
5.41	0.000493571	0.00213506	0.000295353	2.03541e-08	7.82019e-09
5.42	0.000462922	0.00212936	0.000300068	2.02981e-08	1.04884e-08
5.43	0.000432068	0.00212363	0.000304815	2.0251e-08	1.31571e-08
5.44	0.000401018	0.00211785	0.000309591	2.02128e-08	1.58254e-08
5.45	0.000369778	0.00211204	0.000314394	2.01837e-08	1.84925e-08
5.46	0.000338359	0.0021062	0.000319225	2.01635e-08	2.11575e-08
5.47	0.000306768	0.00210032	0.000324081	2.01522e-08	2.38195e-08
5.48	0.000275015	0.00209441	0.000328961	2.01499e-08	2.64779e-08
5.49	0.000243109	0.00208848	0.000333864	2.01564e-08	2.91316e-08
5.5	0.000211061	0.00208251	0.000338787	2.01718e-08	3.17799e-08
5.51	0.00017888	0.00207652	0.00034373	2.01959e-08	3.44219e-08
5.52	0.000146577	0.0020705	0.000348691	2.02287e-08	3.70567e-08
5.53	0.000114163	0.00206447	0.000353667	2.02701e-08	3.96836e-08
5.54	8.16481e-05	0.00205841	0.000358658	2.032e-08	4.23016e-08
5.55	4.90441e-05	0.00205234	0.000363662	2.03783e-08	4.49099e-08
5.56	1.63626e-05	0.00204625	0.000368676	2.04449e-08	4.75077e-08
5.57	1.63844e-05	0.00204015	0.000373699	2.05197e-08	5.00941e-08
5.58	4.91847e-05	0.00203404	0.000378729	2.06025e-08	5.26683e-08
5.59	8.2026e-05	0.00202792	0.000383765	2.06933e-08	5.52294e-08
5.6	0.000114895	0.00202179	0.000388803	2.07917e-08	5.77766e-08
5.61	0.00014778	0.00201566	0.000393842	2.08978e-08	6.03091e-08
5.62	0.000180666	0.00200953	0.000398881	2.10112e-08	6.28259e-08
5.63	0.000213541	0.0020034	0.000403916	2.11319e-08	6.53264e-08
5.64	0.00024639	0.00199728	0.000408946	2.12596e-08	6.78095e-08
5.65	0.0002792	0.00199116	0.000413969	2.13942e-08	7.02746e-08
5.66	0.000311956	0.00198506	0.000418983	2.15354e-08	7.27208e-08
5.67	0.000344644	0.00197896	0.000423984	2.1683e-08	7.51473e-08
5.68	0.000377249	0.00197289	0.000428972	2.18368e-08	7.75533e-08
5.69	0.000409757	0.00196683	0.000433943	2.19965e-08	7.99379e-08
5.7	0.000442151	0.00196079	0.000438896	2.21619e-08	8.23003e-08
5.71	0.000474418	0.00195477	0.000443827	2.23328e-08	8.46398e-08
5.72	0.000506541	0.00194878	0.000448736	2.25089e-08	8.69556e-08
5.73	0.000538505	0.00194282	0.000453618	2.26899e-08	8.92468e-08
5.74	0.000570295	0.0019369	0.000458473	2.28755e-08	9.15127e-08
5.75	0.000601894	0.00193101	0.000463297	2.30656e-08	9.37526e-08
5.76	0.000633286	0.00192516	0.000468088	2.32597e-08	9.59656e-08
5.77	0.000664456	0.00191935	0.000472844	2.34577e-08	9.8151e-08
5.78	0.000695387	0.00191358	0.000477562	2.36591e-08	1.00308e-07
5.79	0.000726063	0.00190787	0.000482239	2.38638e-08	1.02436e-07
5.8	0.000756468	0.0019022	0.000486874	2.40713e-08	1.04534e-07
5.81	0.000786585	0.00189659	0.000491464	2.42815e-08	1.06602e-07
5.82	0.000816398	0.00189103	0.000496005	2.44939e-08	1.08638e-07
5.83	0.000845891	0.00188554	0.000500497	2.47083e-08	1.10642e-07
5.84	0.000875047	0.00188011	0.000504936	2.49243e-08	1.12614e-07
5.85	0.00090385	0.00187474	0.000509319	2.51416e-08	1.14552e-07
5.86	0.000932283	0.00186945	0.000513645	2.53599e-08	1.16456e-07
5.87	0.00096033	0.00186422	0.000517911	2.55789e-08	1.18326e-07
5.88	0.000987974	0.00185907	0.000522114	2.57982e-08	1.2016e-07
5.89	0.0010152	0.00185401	0.000526252	2.60175e-08	1.21958e-07
5.9	0.00104199	0.00184902	0.000530323	2.62365e-08	1.23719e-07
5.91	0.00106833	0.00184411	0.000534324	2.64549e-08	1.25443e-07
5.92	0.00109421	0.0018393	0.000538253	2.66722e-08	1.27129e-07
5.93	0.0011196	0.00183457	0.000542107	2.68882e-08	1.28777e-07
5.94	0.0011445	0.00182994	0.000545884	2.71026e-08	1.30386e-07
5.95	0.00116888	0.0018254	0.000549583	2.73151e-08	1.31955e-07
5.96	0.00119274	0.00182096	0.000553199	2.75252e-08	1.33484e-07
5.97	0.00121605	0.00181663	0.000556733	2.77328e-08	1.34972e-07
5.98	0.0012388	0.0018124	0.00056018	2.79374e-08	1.36419e-07
5.99	0.00126098	0.00180827	0.00056354	2.81388e-08	1.37824e-07
6	0.00128258	0.00180426	0.000566809	2.83367e-08	1.39187e-07
6.01	0.00130357	0.00180035	0.000569987	2.85308e-08	1.40507e-07
6.02	0.00132395	0.00179656	0.00057307	2.87207e-08	1.41784e-07
6.03	0.0013437	0.00179289	0.000576057	2.89062e-08	1.43017e-07
6.04	0.00136282	0.00178934	0.000578947	2.90871e-08	1.44206e-07
6.05	0.00138128	0.00178591	0.000581736	2.92629e-08	1.45351e-07
6.06	0.00139907	0.0017826	0.000584424	2.94335e-08	1.4645e-07
6.07	0.00141619	0.00177942	0.000587009	2.95986e-08	1.47504e-07
6.08	0.00143262	0.00177637	0.000589488	2.97579e-08	1.48513e-07
6.09	0.00144835	0.00177345	0.000591861	2.99113e-08	1.49475e-07
6.1	0.00146336	0.00177066	0.000594126	3.00584e-08	1.50391e-07
6.11	0.00147766	0.001768	0.000596281	3.0199e-08	1.5126e-07
6.12	0.00149123	0.00176548	0.000598325	3.0333e-08	1.52082e-07
6.13	0.00150405	0.0017631	0.000600257	3.046e-08	1.52856e-07
6.14	0.00151613	0.00176086	0.000602075	3.058e-08	1.53583e-07
6.15	0.00152745	0.00175876	0.000603779	3.06927e-08	1.54262e-07
6.16	0.001538	0.00175679	0.000605366	3.0798e-08	1.54893e-07
6.17	0.00154779	0.00175498	0.000606837	3.08957e-08	1.55475e-07
6.18	0.00155679	0.0017533	0.000608189	3.09856e-08	1.56009e-07
6.19	0.001565	0.00175178	0.000609423	3.10677e-08	1.56494e-07
6.2	0.00157243	0.0017504	0.000610537	3.11417e-08	1.56929e-07
6.21	0.00157905	0.00174916	0.000611531	3.12076e-08	1.57316e-07
6.22	0.00158488	0.00174808	0.000612404	3.12652e-08	1.57654e-07
6.23	0.00158989	0.00174714	0.000613155	3.13145e-08	1.57942e-07
6.24	0.0015941	0.00174635	0.000613785	3.13554e-08	1.58181e-07
6.25	0.0015975	0.00174572	0.000614292	3.13878e-08	1.5837e-07
6.26	0.00160007	0.00174523	0.000614676	3.14117e-08	1.5851e-07
6.27	0.00160183	0.0017449	0.000614938	3.1427e-08	1.58599e-07
6.28	0.00160277	0.00174471	0.000615076	3.14338e-08	1.5864e-07
6.29	0.00160289	0.00174468	0.000615092	3.14319e-08	1.5863e-07
