0.01	1.01615e-05	1.03105e-05	4.31266e-08	2.80182e-11	3.69774e-10
0.02	2.07941e-05	2.10864e-05	8.66939e-08	5.78481e-11	7.57998e-10
0.03	3.18911e-05	3.23208e-05	1.30729e-07	8.93848e-11	1.16468e-09
0.04	4.34454e-05	4.4006e-05	1.75257e-07	1.22515e-10	1.58983e-09
0.05	5.54494e-05	5.61345e-05	2.20306e-07	1.57117e-10	2.03346e-09
0.06	6.78956e-05	6.86981e-05	2.65898e-07	1.93061e-10	2.49559e-09
0.07	8.07757e-05	8.16885e-05	3.12059e-07	2.3021e-10	2.97624e-09
0.08	9.40815e-05	9.5097e-05	3.58813e-07	2.6842e-10	3.47542e-09
0.09	0.000107804	0.000108915	4.06181e-07	3.07538e-10	3.99316e-09
0.1	0.000121935	0.000123133	4.54187e-07	3.47404e-10	4.52947e-09
0.11	0.000136465	0.000137741	5.02851e-07	3.87853e-10	5.08439e-09
0.12	0.000151384	0.00015273	5.52193e-07	4.28712e-10	5.65792e-09
0.13	0.000166683	0.00016809	6.02233e-07	4.69802e-10	6.2501e-09
0.14	0.000182351	0.000183811	6.52989e-07	5.10936e-10	6.86096e-09
0.15	0.000198379	0.000199883	7.04479e-07	5.51924e-10	7.49051e-09
0.16	0.000214756	0.000216294	7.5672e-07	5.92569e-10	8.13877e-09
0.17	0.000231471	0.000233034	8.09727e-07	6.32669e-10	8.80578e-09
0.18	0.000248514	0.000250092	8.63514e-07	6.72016e-10	9.49155e-09
0.19	0.000265873	0.000267456	9.18095e-07	7.10401e-10	1.01961e-08
0.2	0.000283537	0.000285116	9.73484e-07	7.47606e-10	1.09194e-08
0.21	0.000301494	0.00030306	1.02969e-06	7.83412e-10	1.16616e-08
0.22	0.000319734	0.000321277	1.08672e-06	8.17597e-10	1.24226e-08
0.23	0.000338244	0.000339754	1.1446e-06	8.49934e-10	1.32025e-08
0.24	0.000357012	0.000358479	1.20331e-06	8.80193e-10	1.40011e-08
0.25	0.000376027	0.000377441	1.26289e-06	9.08144e-10	1.48187e-08
0.26	0.000395277	0.000396628	1.32332e-06	9.33552e-10	1.56551e-08
0.27	0.000414748	0.000416027	1.38461e-06	9.56184e-10	1.65103e-08
0.28	0.000434429	0.000435627	1.44677e-06	9.75802e-10	1.73844e-08
0.29	0.000454308	0.000455414	1.5098e-06	9.92169e-10	1.82773e-08
0.3	0.000474372	0.000475377	1.5737e-06	1.00505e-09	1.9189e-08
0.31	0.000494608	0.000495503	1.63847e-06	1.0142e-09	2.01195e-08
0.32	0.000515005	0.00051578	1.70411e-06	1.01939e-09	2.10687e-08
0.33	0.000535549	0.000536195	1.77062e-06	1.02038e-09	2.20367e-08
0.34	0.000556228	0.000556737	1.83799e-06	1.01693e-09	2.30233e-08
0.35	0.000577029	0.000577392	1.90622e-06	1.00881e-09	2.40285e-08
0.36	0.00059794	0.000598149	1.97531e-06	9.95795e-10	2.50523e-08
0.37	0.000618949	0.000618995	2.04525e-06	9.77644e-10	2.60946e-08
0.38	0.000640043	0.000639918	2.11602e-06	9.54135e-10	2.71552e-08
0.39	0.000661209	0.000660905	2.18763e-06	9.25043e-10	2.82342e-08
0.4	0.000682436	0.000681945	2.26005e-06	8.90148e-10	2.93314e-08
0.41	0.00070371	0.000703026	2.33329e-06	8.49232e-10	3.04468e-08
0.42	0.000725021	0.000724136	2.40732e-06	8.02084e-10	3.15801e-08
0.43	0.000746355	0.000745263	2.48214e-06	7.48495e-10	3.27313e-08
0.44	0.0007677	0.000766395	2.55773e-06	6.88263e-10	3.39003e-08
0.45	0.000789046	0.000787521	2.63407e-06	6.21189e-10	3.50869e-08
0.46	0.00081038	0.000808629	2.71115e-06	5.4708e-10	3.62909e-08
0.47	0.00083169	0.000829709	2.78895e-06	4.65752e-10	3.75121e-08
0.48	0.000852966	0.000850748	2.86745e-06	3.77022e-10	3.87505e-08
0.49	0.000874195	0.000871737	2.94664e-06	2.80719e-10	4.00058e-08
0.5	0.000895368	0.000892665	3.0265e-06	1.76673e-10	4.12778e-08
0.51	0.000916472	0.00091352	3.10699e-06	6.47268e-11	4.25663e-08
0.52	0.000937497	0.000934293	3.18811e-06	5.52735e-11	4.38711e-08
0.53	0.000958434	0.000954973	3.26983e-06	1.83473e-10	4.51919e-08
0.54	0.00097927	0.000975551	3.35212e-06	3.20008e-10	4.65285e-08
0.55	0.000999997	0.000996017	3.43496e-06	4.65008e-10	4.78806e-08
0.56	0.0010206	0.00101636	3.51834e-06	6.18594e-10	4.92479e-08
0.57	0.00104108	0.00103657	3.60221e-06	7.80878e-10	5.06302e-08
0.58	0.00106142	0.00105665	3.68656e-06	9.51964e-10	5.20272e-08
0.59	0.00108161	0.00107657	3.77136e-06	1.13195e-09	5.34384e-08
0.6	0.00110165	0.00109634	3.85658e-06	1.32091e-09	5.48637e-08
0.61	0.00112151	0.00111594	3.94219e-06	1.51894e-09	5.63027e-08
0.62	0.00114121	0.00113536	4.02817e-06	1.72609e-09	5.7755e-08
0.63	0.00116072	0.00115461	4.11448e-06	1.94242e-09	5.92202e-08
0.64	0.00118004	0.00117366	4.20111e-06	2.16799e-09	6.06981e-08
0.65	0.00119917	0.00119252	4.28801e-06	2.40283e-09	6.21881e-08
0.66	0.00121808	0.00121118	4.37516e-06	2.64698e-09	6.36899e-08
0.67	0.00123679	0.00122962	4.46252e-06	2.90044e-09	6.52031e-08
0.68	0.00125528	0.00124785	4.55007e-06	3.16324e-09	6.67272e-08
0.69	0.00127354	0.00126586	4.63778e-06	3.43536e-09	6.82619e-08
0.7	0.00129157	0.00128363	4.72561e-06	3.71681e-09	6.98066e-08
0.71	0.00130936	0.00130117	4.81353e-06	4.00756e-09	7.13609e-08
0.72	0.00132691	0.00131847	4.90152e-06	4.30758e-09	7.29243e-08
0.73	0.0013442	0.00133553	4.98953e-06	4.61684e-09	7.44963e-08
0.74	0.00136125	0.00135233	5.07754e-06	4.93529e-09	7.60765e-08
0.75	0.00137803	0.00136888	5.16551e-06	5.26286e-09	7.76644e-08
0.76	0.00139455	0.00138518	5.25341e-06	5.59949e-09	7.92593e-08
0.77	0.0014108	0.0014012	5.34122e-06	5.9451e-09	8.08608e-08
0.78	0.00142678	0.00141696	5.42889e-06	6.29961e-09	8.24684e-08
0.79	0.00144248	0.00143246	5.5164e-06	6.66291e-09	8.40815e-08
0.8	0.0014579	0.00144767	5.60371e-06	7.03492e-09	8.56995e-08
0.81	0.00147304	0.00146261	5.6908e-06	7.4155e-09	8.73219e-08
0.82	0.0014879	0.00147727	5.77762e-06	7.80454e-09	8.89481e-08
0.83	0.00150246	0.00149165	5.86415e-06	8.2019e-09	9.05776e-08
0.84	0.00151673	0.00150574	5.95036e-06	8.60746e-09	9.22096e-08
0.85	0.00153071	0.00151955	6.03621e-06	9.02104e-09	9.38437e-08
0.86	0.0015444	0.00153306	6.12168e-06	9.44251e-09	9.54793e-08
0.87	0.00155779	0.00154629	6.20673e-06	9.8717e-09	9.71156e-08
0.88	0.00157087	0.00155923	6.29134e-06	1.03084e-08	9.87522e-08
0.89	0.00158366	0.00157187	6.37546e-06	1.07525e-08	1.00388e-07
0.9	0.00159615	0.00158422	6.45908e-06	1.12038e-08	1.02023e-07
0.91	0.00160834	0.00159628	6.54217e-06	1.1662e-08	1.03657e-07
0.92	0.00162022	0.00160804	6.62468e-06	1.2127e-08	1.05288e-07
0.93	0.0016318	0.00161951	6.7066e-06	1.25986e-08	1.06916e-07
0.94	0.00164308	0.00163069	6.7879e-06	1.30766e-08	1.0854e-07
0.95	0.00165406	0.00164157	6.86855e-06	1.35607e-08	1.10161e-07
0.96	0.00166474	0.00165215	6.94852e-06	1.40507e-08	1.11776e-07
0.97	0.00167511	0.00166244	7.02778e-06	1.45463e-08	1.13386e-07
0.98	0.00168518	0.00167244	7.10631e-06	1.50474e-08	1.14989e-07
0.99	0.00169496	0.00168215	7.18408e-06	1.55537e-08	1.16586e-07
1	0.00170443	0.00169157	7.26107e-06	1.6065e-08	1.18175e-07
1.01	0.00171361	0.0017007	7.33725e-06	1.65809e-08	1.19756e-07
1.02	0.00172249	0.00170954	7.4126e-06	1.71013e-08	1.21328e-07
1.03	0.00173108	0.00171809	7.48709e-06	1.76258e-08	1.22891e-07
1.04	0.00173937	0.00172636	7.5607e-06	1.81543e-08	1.24443e-07
1.05	0.00174738	0.00173435	7.6334e-06	1.86864e-08	1.25985e-07
1.06	0.00175509	0.00174206	7.70518e-06	1.92219e-08	1.27515e-07
1.07	0.00176252	0.00174948	7.77601e-06	1.97604e-08	1.29033e-07
1.08	0.00176966	0.00175664	7.84588e-06	2.03019e-08	1.30538e-07
1.09	0.00177653	0.00176351	7.91475e-06	2.08458e-08	1.3203e-07
1.1	0.00178311	0.00177012	7.98262e-06	2.1392e-08	1.33508e-07
1.11	0.00178942	0.00177646	8.04945e-06	2.19402e-08	1.34971e-07
1.12	0.00179545	0.00178253	8.11524e-06	2.24901e-08	1.36419e-07
1.13	0.00180122	0.00178834	8.17997e-06	2.30414e-08	1.37851e-07
1.14	0.00180671	0.00179388	8.24361e-06	2.35938e-08	1.39267e-07
1.15	0.00181194	0.00179917	8.30616e-06	2.41471e-08	1.40665e-07
1.16	0.00181692	0.00180421	8.36758e-06	2.47009e-08	1.42046e-07
1.17	0.00182163	0.00180899	8.42788e-06	2.5255e-08	1.43408e-07
1.18	0.00182609	0.00181353	8.48703e-06	2.5809e-08	1.44751e-07
1.19	0.00183029	0.00181782	8.54502e-06	2.63627e-08	1.46075e-07
1.2	0.00183425	0.00182187	8.60184e-06	2.69159e-08	1.47379e-07
1.21	0.00183797	0.00182569	8.65747e-06	2.74681e-08	1.48662e-07
1.22	0.00184144	0.00182926	8.7119e-06	2.80192e-08	1.49924e-07
1.23	0.00184468	0.00183261	8.76512e-06	2.85689e-08	1.51164e-07
1.24	0.00184768	0.00183573	8.81712e-06	2.91168e-08	1.52382e-07
1.25	0.00185046	0.00183863	8.86788e-06	2.96627e-08	1.53577e-07
1.26	0.00185301	0.0018413	8.9174e-06	3.02063e-08	1.54749e-07
1.27	0.00185533	0.00184376	8.96566e-06	3.07474e-08	1.55896e-07
1.28	0.00185744	0.00184601	9.01256e-06	3.12856e-08	1.5702e-07
1.29	0.00185934	0.00184804	9.05819e-06	3.18208e-08	1.58119e-07
1.3	0.00186102	0.00184988	9.10256e-06	3.23525e-08	1.59192e-07
1.31	0.0018625	0.0018515	9.14566e-06	3.28807e-08	1.6024e-07
1.32	0.00186377	0.00185293	9.18747e-06	3.34049e-08	1.61262e-07
1.33	0.00186485	0.00185417	9.228e-06	3.3925e-08	1.62257e-07
1.34	0.00186573	0.00185521	9.26723e-06	3.44407e-08	1.63225e-07
1.35	0.00186642	0.00185607	9.30516e-06	3.49518e-08	1.64078e-07
1.36	0.00186692	0.00185675	9.34179e-06	3.54579e-08	1.64839e-07
1.37	0.00186724	0.00185724	9.3771e-06	3.59589e-08	1.65601e-07
1.38	0.00186738	0.00185756	9.4111e-06	3.64546e-08	1.66359e-07
1.39	0.00186734	0.0018577	9.44378e-06	3.69446e-08	1.67111e-07
1.4	0.00186713	0.00185768	9.47515e-06	3.74288e-08	1.67854e-07
1.41	0.00186675	0.00185749	9.50518e-06	3.7907e-08	1.68586e-07
1.42	0.00186621	0.00185714	9.53389e-06	3.83789e-08	1.69302e-07
1.43	0.00186551	0.00185663	9.56128e-06	3.88443e-08	1.70001e-07
1.44	0.00186465	0.00185597	9.58733e-06	3.93031e-08	1.70679e-07
1.45	0.00186364	0.00185515	9.61206e-06	3.97549e-08	1.71333e-07
1.46	0.00186248	0.00185419	9.63545e-06	4.01997e-08	1.71961e-07
1.47	0.00186117	0.00185308	9.65752e-06	4.06372e-08	1.72561e-07
1.48	0.00185972	0.00185184	9.67826e-06	4.10672e-08	1.73129e-07
1.49	0.00185813	0.00185045	9.69766e-06	4.14896e-08	1.73663e-07
1.5	0.0018564	0.00184893	9.71575e-06	4.19042e-08	1.7416e-07
1.51	0.00185454	0.00184728	9.7325e-06	4.23108e-08	1.74619e-07
1.52	0.00185256	0.00184551	9.74794e-06	4.27093e-08	1.75036e-07
1.53	0.00185045	0.00184361	9.76206e-06	4.30995e-08	1.75409e-07
1.54	0.00184821	0.00184158	9.77486e-06	4.34812e-08	1.75737e-07
1.55	0.00184586	0.00183944	9.78634e-06	4.38544e-08	1.76016e-07
1.56	0.00184339	0.00183719	9.79652e-06	4.42188e-08	1.76245e-07
1.57	0.00184081	0.00183482	9.80539e-06	4.45744e-08	1.76422e-07
1.58	0.00183812	0.00183235	9.81296e-06	4.49209e-08	1.76545e-07
1.59	0.00183532	0.00182977	9.81924e-06	4.52584e-08	1.76612e-07
1.6	0.00183242	0.00182708	9.82422e-06	4.55867e-08	1.76717e-07
1.61	0.00182942	0.0018243	9.82792e-06	4.59056e-08	1.76877e-07
1.62	0.00182633	0.00182142	9.83034e-06	4.62152e-08	1.77004e-07
1.63	0.00182313	0.00181844	9.83148e-06	4.65152e-08	1.77098e-07
1.64	0.00181985	0.00181537	9.83136e-06	4.68056e-08	1.77158e-07
1.65	0.00181648	0.00181221	9.82998e-06	4.70864e-08	1.77184e-07
1.66	0.00181302	0.00180897	9.82735e-06	4.73574e-08	1.77178e-07
1.67	0.00180947	0.00180564	9.82347e-06	4.76185e-08	1.77138e-07
1.68	0.00180585	0.00180223	9.81847e-06	4.78698e-08	1.77066e-07
1.69	0.00180214	0.00179874	9.81226e-06	4.81112e-08	1.7696e-07
1.7	0.00179836	0.00179517	9.80483e-06	4.83425e-08	1.76821e-07
1.71	0.00179451	0.00179153	9.7962e-06	4.85639e-08	1.7665e-07
1.72	0.00179058	0.00178782	9.78637e-06	4.87751e-08	1.76447e-07
1.73	0.00178659	0.00178404	9.77536e-06	4.89763e-08	1.76211e-07
1.74	0.00178253	0.00178018	9.76317e-06	4.91674e-08	1.75943e-07
1.75	0.0017784	0.00177627	9.74981e-06	4.93483e-08	1.75644e-07
1.76	0.00177421	0.00177229	9.73529e-06	4.95191e-08	1.75312e-07
1.77	0.00176996	0.00176825	9.71963e-06	4.96797e-08	1.7495e-07
1.78	0.00176565	0.00176414	9.70283e-06	4.98301e-08	1.74556e-07
1.79	0.00176129	0.00175998	9.68489e-06	4.99704e-08	1.74131e-07
1.8	0.00175687	0.00175577	9.66585e-06	5.01006e-08	1.73676e-07
1.81	0.0017524	0.0017515	9.64569e-06	5.02206e-08	1.7319e-07
1.82	0.00174787	0.00174718	9.62444e-06	5.03306e-08	1.72674e-07
1.83	0.0017433	0.00174281	9.6021e-06	5.04305e-08	1.72129e-07
1.84	0.00173868	0.00173839	9.57869e-06	5.05203e-08	1.71555e-07
1.85	0.00173401	0.00173392	9.55421e-06	5.06002e-08	1.70951e-07
1.86	0.0017293	0.00172941	9.52868e-06	5.06701e-08	1.70319e-07
1.87	0.00172455	0.00172485	9.50211e-06	5.07301e-08	1.69658e-07
1.88	0.00171975	0.00172025	9.47451e-06	5.07803e-08	1.6897e-07
1.89	0.00171492	0.00171561	9.4459e-06	5.08207e-08	1.68254e-07
1.9	0.00171005	0.00171093	9.41628e-06	5.08514e-08	1.67512e-07
1.91	0.00170514	0.00170621	9.38566e-06	5.08725e-08	1.66742e-07
1.92	0.00170019	0.00170146	9.35406e-06	5.0884e-08	1.65947e-07
1.93	0.00169522	0.00169666	9.3215e-06	5.0886e-08	1.65126e-07
1.94	0.0016902	0.00169184	9.28797e-06	5.08787e-08	1.64279e-07
1.95	0.00168516	0.00168698	9.2535e-06	5.0862e-08	1.63408e-07
1.96	0.00168009	0.00168209	9.2181e-06	5.08361e-08	1.62512e-07
1.97	0.00167498	0.00167717	9.18178e-06	5.08012e-08	1.61592e-07
1.98	0.00166985	0.00167222	9.14455e-06	5.07572e-08	1.60649e-07
1.99	0.00166469	0.00166724	9.10643e-06	5.07044e-08	1.59683e-07
2	0.00165951	0.00166223	9.06743e-06	5.06428e-08	1.58695e-07
2.01	0.0016543	0.0016572	9.02755e-06	5.05725e-08	1.57685e-07
2.02	0.00164906	0.00165214	8.98682e-06	5.04937e-08	1.56654e-07
2.03	0.0016438	0.00164706	8.94525e-06	5.04065e-08	1.55602e-07
2.04	0.00163852	0.00164195	8.90285e-06	5.0311e-08	1.5453e-07
2.05	0.00163322	0.00163682	8.85964e-06	5.02074e-08	1.53438e-07
2.06	0.0016279	0.00163166	8.81562e-06	5.00958e-08	1.52327e-07
2.07	0.00162255	0.00162649	8.77081e-06	4.99763e-08	1.51197e-07
2.08	0.00161719	0.00162129	8.72523e-06	4.98491e-08	1.5005e-07
2.09	0.00161181	0.00161607	8.67888e-06	4.97143e-08	1.48885e-07
2.1	0.00160641	0.00161084	8.63179e-06	4.95721e-08	1.47704e-07
2.11	0.00160099	0.00160558	8.58396e-06	4.94226e-08	1.46507e-07
2.12	0.00159556	0.00160031	8.5354e-06	4.9266e-08	1.45294e-07
2.13	0.0015901	0.00159502	8.48615e-06	4.91025e-08	1.44066e-07
2.14	0.00158464	0.00158971	8.43619e-06	4.89322e-08	1.42823e-07
2.15	0.00157915	0.00158439	8.38556e-06	4.87552e-08	1.41568e-07
2.16	0.00157366	0.00157905	8.33427e-06	4.85718e-08	1.40299e-07
2.17	0.00156815	0.00157369	8.28232e-06	4.83822e-08	1.39018e-07
2.18	0.00156262	0.00156832	8.22973e-06	4.81864e-08	1.37725e-07
2.19	0.00155708	0.00156294	8.17653e-06	4.79846e-08	1.36421e-07
2.2	0.00155153	0.00155754	8.12271e-06	4.77771e-08	1.35106e-07
2.21	0.00154596	0.00155212	8.0683e-06	4.75641e-08	1.33782e-07
2.22	0.00154039	0.0015467	8.01331e-06	4.73456e-08	1.32448e-07
2.23	0.0015348	0.00154126	7.95775e-06	4.71219e-08	1.31106e-07
2.24	0.0015292	0.0015358	7.90164e-06	4.68932e-08	1.29757e-07
2.25	0.00152358	0.00153034	7.84499e-06	4.66596e-08	1.284e-07
2.26	0.00151796	0.00152486	7.78783e-06	4.64214e-08	1.27036e-07
2.27	0.00151232	0.00151937	7.73015e-06	4.61787e-08	1.25667e-07
2.28	0.00150667	0.00151386	7.67198e-06	4.59317e-08	1.24293e-07
2.29	0.00150101	0.00150835	7.61334e-06	4.56806e-08	1.22914e-07
2.3	0.00149534	0.00150282	7.55423e-06	4.54256e-08	1.21531e-07
2.31	0.00148966	0.00149728	7.49467e-06	4.51669e-08	1.20146e-07
2.32	0.00148397	0.00149173	7.43468e-06	4.49047e-08	1.18758e-07
2.33	0.00147827	0.00148617	7.37427e-06	4.46391e-08	1.17368e-07
2.34	0.00147256	0.0014806	7.31346e-06	4.43705e-08	1.15977e-07
2.35	0.00146683	0.00147501	7.25226e-06	4.40989e-08	1.14585e-07
2.36	0.0014611	0.00146942	7.19069e-06	4.38245e-08	1.13194e-07
2.37	0.00145536	0.00146381	7.12876e-06	4.35477e-08	1.11804e-07
2.38	0.0014496	0.00145819	7.06648e-06	4.32684e-08	1.10415e-07
2.39	0.00144383	0.00145256	7.00388e-06	4.2987e-08	1.09029e-07
2.4	0.00143806	0.00144692	6.94097e-06	4.27037e-08	1.07646e-07
2.41	0.00143227	0.00144127	6.87776e-06	4.24186e-08	1.06266e-07
2.42	0.00142647	0.0014356	6.81427e-06	4.21319e-08	1.04891e-07
2.43	0.00142066	0.00142993	6.75052e-06	4.18439e-08	1.0352e-07
2.44	0.00141484	0.00142424	6.68651e-06	4.15547e-08	1.02156e-07
2.45	0.00140901	0.00141854	6.62228e-06	4.12645e-08	1.00797e-07
2.46	0.00140316	0.00141283	6.55782e-06	4.09735e-08	9.94457e-08
2.47	0.0013973	0.0014071	6.49316e-06	4.06819e-08	9.81018e-08
2.48	0.00139144	0.00140137	6.42832e-06	4.03899e-08	9.67662e-08
2.49	0.00138555	0.00139562	6.36331e-06	4.00977e-08	9.54395e-08
2.5	0.00137966	0.00138986	6.29814e-06	3.98054e-08	9.41223e-08
2.51	0.00137375	0.00138408	6.23284e-06	3.95133e-08	9.28153e-08
2.52	0.00136783	0.00137829	6.16741e-06	3.92215e-08	9.15191e-08
2.53	0.0013619	0.00137249	6.10189e-06	3.89303e-08	9.02343e-08
2.54	0.00135595	0.00136667	6.03627e-06	3.86398e-08	8.89616e-08
2.55	0.00134999	0.00136084	5.97058e-06	3.83502e-08	8.77016e-08
2.56	0.00134401	0.00135499	5.90484e-06	3.80616e-08	8.64549e-08
2.57	0.00133802	0.00134913	5.83905e-06	3.77743e-08	8.52222e-08
2.58	0.00133201	0.00134325	5.77325e-06	3.74884e-08	8.40039e-08
2.59	0.00132599	0.00133736	5.70744e-06	3.72041e-08	8.28007e-08
2.6	0.00131995	0.00133145	5.64165e-06	3.69216e-08	8.16132e-08
2.61	0.00131389	0.00132552	5.57588e-06	3.6641e-08	8.0442e-08
2.62	0.00130781	0.00131957	5.51016e-06	3.63626e-08	7.92876e-08
2.63	0.00130172	0.00131361	5.44451e-06	3.60864e-08	7.81506e-08
2.64	0.00129561	0.00130763	5.37894e-06	3.58127e-08	7.70316e-08
2.65	0.00128948	0.00130163	5.31347e-06	3.55415e-08	7.59312e-08
2.66	0.00128333	0.00129561	5.24812e-06	3.52731e-08	7.48497e-08
2.67	0.00127716	0.00128957	5.1829e-06	3.50077e-08	7.37879e-08
2.68	0.00127097	0.00128351	5.11783e-06	3.47453e-08	7.27463e-08
2.69	0.00126476	0.00127743	5.05294e-06	3.44861e-08	7.17252e-08
2.7	0.00125852	0.00127133	4.98824e-06	3.42303e-08	7.07254e-08
2.71	0.00125226	0.0012652	4.92374e-06	3.3978e-08	6.97471e-08
2.72	0.00124598	0.00125906	4.85948e-06	3.37294e-08	6.87911e-08
2.73	0.00123968	0.00125288	4.79546e-06	3.34846e-08	6.78577e-08
2.74	0.00123335	0.00124669	4.7317e-06	3.32437e-08	6.69474e-08
2.75	0.00122699	0.00124046	4.66823e-06	3.30068e-08	6.60607e-08
2.76	0.00122061	0.00123422	4.60506e-06	3.27742e-08	6.5198e-08
2.77	0.0012142	0.00122794	4.54221e-06	3.25458e-08	6.43598e-08
2.78	0.00120776	0.00122164	4.47971e-06	3.2322e-08	6.35465e-08
2.79	0.0012013	0.0012153	4.41757e-06	3.21026e-08	6.27585e-08
2.8	0.0011948	0.00120894	4.35581e-06	3.1888e-08	6.19963e-08
2.81	0.00118827	0.00120255	4.29445e-06	3.16782e-08	6.12603e-08
2.82	0.00118171	0.00119613	4.23352e-06	3.14732e-08	6.05508e-08
2.83	0.00117512	0.00118967	4.17303e-06	3.12733e-08	5.98683e-08
2.84	0.00116849	0.00118319	4.11301e-06	3.10785e-08	5.92131e-08
2.85	0.00116183	0.00117666	4.05347e-06	3.08889e-08	5.85856e-08
2.86	0.00115514	0.0011701	3.99444e-06	3.07046e-08	5.79861e-08
2.87	0.0011484	0.00116351	3.93594e-06	3.05257e-08	5.7415e-08
2.88	0.00114163	0.00115688	3.87798e-06	3.03523e-08	5.68726e-08
2.89	0.00113482	0.00115021	3.82061e-06	3.01845e-08	5.63592e-08
2.9	0.00112796	0.0011435	3.76382e-06	3.00223e-08	5.58751e-08
2.91	0.00112107	0.00113675	3.70766e-06	2.98658e-08	5.54207e-08
2.92	0.00111413	0.00112996	3.65213e-06	2.97152e-08	5.49962e-08
2.93	0.00110715	0.00112312	3.59728e-06	2.95704e-08	5.46019e-08
2.94	0.00110013	0.00111624	3.54311e-06	2.94315e-08	5.4238e-08
2.95	0.00109305	0.00110931	3.48965e-06	2.92987e-08	5.39048e-08
2.96	0.00108593	0.00110234	3.43693e-06	2.91718e-08	5.36025e-08
2.97	0.00107876	0.00109531	3.38496e-06	2.90511e-08	5.33314e-08
2.98	0.00107153	0.00108824	3.33379e-06	2.89366e-08	5.30917e-08
2.99	0.00106426	0.00108111	3.28343e-06	2.88282e-08	5.28835e-08
3	0.00105693	0.00107393	3.2339e-06	2.87261e-08	5.27071e-08
3.01	0.00104954	0.0010667	3.18524e-06	2.86302e-08	5.25627e-08
3.02	0.0010421	0.0010594	3.13747e-06	2.85407e-08	5.24504e-08
3.03	0.00103459	0.00105205	3.09062e-06	2.84575e-08	5.23703e-08
3.04	0.00102703	0.00104464	3.04472e-06	2.83806e-08	5.23227e-08
3.05	0.0010194	0.00103717	2.99978e-06	2.83101e-08	5.23076e-08
3.06	0.00101171	0.00102964	2.95585e-06	2.8246e-08	5.23252e-08
3.07	0.00100395	0.00102203	2.91295e-06	2.81884e-08	5.23755e-08
3.08	0.000996116	0.00101437	2.87111e-06	2.81371e-08	5.24588e-08
3.09	0.000988217	0.00100663	2.83036e-06	2.80922e-08	5.2575e-08
3.1	0.000980244	0.000998815	2.79073e-06	2.80538e-08	5.27242e-08
3.11	0.000972196	0.00099093	2.75225e-06	2.80217e-08	5.29066e-08
3.12	0.00096407	0.000982968	2.71496e-06	2.79961e-08	5.3122e-08
3.13	0.000955866	0.000974928	2.67888e-06	2.79768e-08	5.33707e-08
3.14	0.000947579	0.000966807	2.64405e-06	2.79639e-08	5.36526e-08
3.15	0.000939207	0.000958603	2.61051e-06	2.79574e-08	5.39677e-08
3.16	0.000930749	0.000950314	2.57828e-06	2.79572e-08	5.43161e-08
3.17	0.000922201	0.000941935	2.54741e-06	2.79632e-08	5.46977e-08
3.18	0.000913561	0.000933466	2.51792e-06	2.79755e-08	5.51125e-08
3.19	0.000904827	0.000924904	2.48986e-06	2.79941e-08	5.55606e-08
3.2	0.000895994	0.000916244	2.46326e-06	2.80188e-08	5.60418e-08
3.21	0.000887061	0.000907486	2.43816e-06	2.80496e-08	5.65561e-08
3.22	0.000878025	0.000898624	2.4146e-06	2.80865e-08	5.71034e-08
3.23	0.000868882	0.000889658	2.39262e-06	2.81295e-08	5.76838e-08
3.24	0.000859629	0.000880582	2.37227e-06	2.81784e-08	5.8297e-08
3.25	0.000850263	0.000871395	2.35357e-06	2.82332e-08	5.89431e-08
3.26	0.000840781	0.000862093	2.33658e-06	2.82938e-08	5.96219e-08
3.27	0.000831179	0.000852672	2.32133e-06	2.83602e-08	6.03334e-08
3.28	0.000821453	0.000843128	2.30788e-06	2.84323e-08	6.10773e-08
3.29	0.000811601	0.000833458	2.29627e-06	2.851e-08	6.18536e-08
3.3	0.000801618	0.000823659	2.28655e-06	2.85933e-08	6.26622e-08
3.31	0.0007915	0.000813725	2.27876e-06	2.8682e-08	6.35029e-08
3.32	0.000781243	0.000803654	2.27296e-06	2.8776e-08	6.43756e-08
3.33	0.000770843	0.00079344	2.26918e-06	2.88753e-08	6.52801e-08
3.34	0.000760296	0.000783081	2.2675e-06	2.89798e-08	6.62162e-08
3.35	0.000749597	0.00077257	2.26795e-06	2.90894e-08	6.71838e-08
3.36	0.000738743	0.000761904	2.2706e-06	2.92039e-08	6.81827e-08
3.37	0.000727727	0.000751077	2.2755e-06	2.93232e-08	6.92127e-08
3.38	0.000716546	0.000740086	2.28271e-06	2.94473e-08	7.02737e-08
3.39	0.000705193	0.000728924	2.29229e-06	2.9576e-08	7.13654e-08
3.4	0.000693666	0.000717587	2.30429e-06	2.97093e-08	7.24876e-08
3.41	0.000681956	0.000706069	2.31878e-06	2.98469e-08	7.36401e-08
3.42	0.000670061	0.000694364	2.33583e-06	2.99888e-08	7.48227e-08
3.43	0.000657973	0.000682467	2.3555e-06	3.01348e-08	7.60352e-08
3.44	0.000645686	0.000670373	2.37785e-06	3.02848e-08	7.72774e-08
3.45	0.000633196	0.000658073	2.40297e-06	3.04387e-08	7.8549e-08
3.46	0.000620495	0.000645564	2.43091e-06	3.05963e-08	7.98499e-08
3.47	0.000607577	0.000632837	2.46176e-06	3.07576e-08	8.11797e-08
3.48	0.000594436	0.000619886	2.49558e-06	3.09222e-08	8.25383e-08
3.49	0.000581064	0.000606704	2.53246e-06	3.10901e-08	8.39254e-08
3.5	0.000567455	0.000593283	2.57248e-06	3.12612e-08	8.53408e-08
3.51	0.000553601	0.000579617	2.61572e-06	3.14353e-08	8.67842e-08
3.52	0.000539495	0.000565698	2.66227e-06	3.16122e-08	8.82555e-08
3.53	0.000525129	0.000551517	2.71221e-06	3.17918e-08	8.97543e-08
3.54	0.000510495	0.000537067	2.76563e-06	3.19739e-08	9.12805e-08
3.55	0.000495584	0.000522338	2.82263e-06	3.21584e-08	9.28338e-08
3.56	0.000480388	0.000507323	2.8833e-06	3.2345e-08	9.4414e-08
3.57	0.000464898	0.000492011	2.94775e-06	3.25337e-08	9.60208e-08
3.58	0.000449105	0.000476393	3.01606e-06	3.27242e-08	9.7654e-08
3.59	0.000433	0.000460461	3.08836e-06	3.29163e-08	9.93134e-08
3.6	0.000416572	0.000444203	3.16475e-06	3.311e-08	1.00999e-07
3.61	0.000399812	0.000427609	3.24533e-06	3.33049e-08	1.0271e-07
3.62	0.000382709	0.000410668	3.33023e-06	3.3501e-08	1.04447e-07
3.63	0.000365253	0.00039337	3.41956e-06	3.3698e-08	1.06209e-07
3.64	0.000347431	0.000375702	3.51345e-06	3.38957e-08	1.07996e-07
3.65	0.000329233	0.000357653	3.61202e-06	3.4094e-08	1.09808e-07
3.66	0.000310646	0.000339211	3.71541e-06	3.42927e-08	1.11645e-07
3.67	0.000291659	0.000320362	3.82374e-06	3.44916e-08	1.13507e-07
3.68	0.000272259	0.000301093	3.93717e-06	3.46904e-08	1.15393e-07
3.69	0.000252432	0.000281391	4.05583e-06	3.4889e-08	1.17304e-07
3.7	0.000232164	0.000261242	4.17987e-06	3.50872e-08	1.19238e-07
3.71	0.000211443	0.000240631	4.30944e-06	3.52848e-08	1.21197e-07
3.72	0.000190252	0.000219542	4.44472e-06	3.54815e-08	1.2318e-07
3.73	0.000168577	0.000197961	4.58584e-06	3.56772e-08	1.25186e-07
3.74	0.000146403	0.00017587	4.733e-06	3.58717e-08	1.27217e-07
3.75	0.000123713	0.000153253	4.88636e-06	3.60647e-08	1.29271e-07
3.76	0.000100491	0.000130094	5.0461e-06	3.62561e-08	1.31349e-07
3.77	7.67186e-05	0.000106372	5.21242e-06	3.64456e-08	1.3345e-07
3.78	5.23792e-05	8.20712e-05	5.38549e-06	3.6633e-08	1.35575e-07
3.79	2.74538e-05	5.71708e-05	5.56553e-06	3.6818e-08	1.37724e-07
3.8	1.92349e-06	3.16512e-05	5.75275e-06	3.70006e-08	1.39897e-07
3.81	2.42316e-05	5.49169e-06	5.94734e-06	3.71804e-08	1.42093e-07
3.82	5.10318e-05	2.13291e-05	6.14954e-06	3.73572e-08	1.44314e-07
3.83	7.84983e-05	4.88333e-05	6.35957e-06	3.75309e-08	1.46558e-07
3.84	0.000106653	7.70439e-05	6.57767e-06	3.77011e-08	1.48827e-07
3.85	0.000135518	0.000105985	6.80408e-06	3.78677e-08	1.5112e-07
3.86	0.000165118	0.00013568	7.03906e-06	3.80305e-08	1.53437e-07
3.87	0.000195476	0.000166156	7.28286e-06	3.81891e-08	1.55779e-07
3.88	0.000226617	0.000197438	7.53576e-06	3.83434e-08	1.58146e-07
3.89	0.000258568	0.000229554	7.79804e-06	3.84932e-08	1.60539e-07
3.9	0.000291355	0.000262532	8.06998e-06	3.86381e-08	1.62957e-07
3.91	0.000325005	0.000296401	8.35188e-06	3.87781e-08	1.65401e-07
3.92	0.000359549	0.000331193	8.64405e-06	3.89127e-08	1.67871e-07
3.93	0.000395014	0.000366937	8.94682e-06	3.90419e-08	1.70369e-07
3.94	0.000431433	0.000403667	9.26052e-06	3.91653e-08	1.72894e-07
3.95	0.000468837	0.000441416	9.58547e-06	3.92828e-08	1.75446e-07
3.96	0.000507258	0.00048022	9.92205e-06	3.9394e-08	1.78027e-07
3.97	0.000546732	0.000520113	1.02706e-05	3.94988e-08	1.80638e-07
3.98	0.000587293	0.000561134	1.06316e-05	3.95969e-08	1.83278e-07
3.99	0.000628977	0.000603322	1.10053e-05	3.9688e-08	1.85948e-07
4	0.000671823	0.000646716	1.13921e-05	3.97719e-08	1.8865e-07
4.01	0.000715869	0.000691358	1.17926e-05	3.98484e-08	1.91384e-07
4.02	0.000761156	0.000737291	1.2207e-05	3.99172e-08	1.94151e-07
4.03	0.000807727	0.00078456	1.2636e-05	3.9978e-08	1.96952e-07
4.04	0.000855623	0.00083321	1.30799e-05	4.00306e-08	1.99788e-07
4.05	0.00090489	0.000883289	1.35392e-05	4.00748e-08	2.0266e-07
4.06	0.000955575	0.000934847	1.40144e-05	4.01102e-08	2.05569e-07
4.07	0.00100772	0.000987935	1.45061e-05	4.01367e-08	2.08517e-07
4.08	0.00106139	0.00104261	1.50147e-05	4.0154e-08	2.11504e-07
4.09	0.00111662	0.00109891	1.55408e-05	4.01617e-08	2.14532e-07
4.1	0.00117347	0.00115692	1.60851e-05	4.01597e-08	2.17603e-07
4.11	0.001232	0.00121667	1.6648e-05	4.01477e-08	2.20718e-07
4.12	0.00129225	0.00127824	1.72303e-05	4.01254e-08	2.23878e-07
4.13	0.0013543	0.00134169	1.78325e-05	4.00925e-08	2.27085e-07
4.14	0.0014182	0.00140708	1.84553e-05	4.00488e-08	2.30342e-07
4.15	0.00148402	0.00147448	1.90993e-05	3.9994e-08	2.33649e-07
4.16	0.00155181	0.00154396	1.97653e-05	3.99278e-08	2.37009e-07
4.17	0.00162165	0.00161559	2.04541e-05	3.985e-08	2.40424e-07
4.18	0.00169361	0.00168945	2.11662e-05	3.97602e-08	2.43896e-07
4.19	0.00176775	0.00176561	2.19027e-05	3.96582e-08	2.47427e-07
4.2	0.00184416	0.00184416	2.26641e-05	3.95437e-08	2.5102e-07
4.21	0.00192292	0.00192518	2.34514e-05	3.94164e-08	2.54676e-07
4.22	0.00200409	0.00200874	2.42655e-05	3.9276e-08	2.58399e-07
4.23	0.00208777	0.00209495	2.51071e-05	3.91222e-08	2.62191e-07
4.24	0.00217403	0.0021839	2.59774e-05	3.89547e-08	2.66055e-07
4.25	0.00226298	0.00227567	2.68771e-05	3.87732e-08	2.69995e-07
4.26	0.00235469	0.00237036	2.78072e-05	3.85774e-08	2.74012e-07
4.27	0.00244927	0.00246809	2.87689e-05	3.83671e-08	2.7811e-07
4.28	0.0025468	0.00256895	2.97631e-05	3.81418e-08	2.82292e-07
4.29	0.0026474	0.00267305	3.0791e-05	3.79012e-08	2.86563e-07
4.3	0.00275117	0.0027805	3.18536e-05	3.76451e-08	2.90925e-07
4.31	0.00285821	0.00289142	3.29521e-05	3.73731e-08	2.95382e-07
4.32	0.00296864	0.00300593	3.40878e-05	3.70849e-08	2.99938e-07
4.33	0.00308257	0.00312415	3.52619e-05	3.67801e-08	3.04598e-07
4.34	0.00320012	0.00324621	3.64755e-05	3.64584e-08	3.09365e-07
4.35	0.00332142	0.00337225	3.77302e-05	3.61195e-08	3.14243e-07
4.36	0.00344658	0.00350239	3.90272e-05	3.5763e-08	3.19238e-07
4.37	0.00357575	0.00363679	4.0368e-05	3.53885e-08	3.24353e-07
4.38	0.00370906	0.00377557	4.17539e-05	3.49957e-08	3.29595e-07
4.39	0.00384664	0.0039189	4.31866e-05	3.45842e-08	3.34967e-07
4.4	0.00398865	0.00406694	4.46676e-05	3.41537e-08	3.40475e-07
4.41	0.00413523	0.00421983	4.61985e-05	3.37037e-08	3.46125e-07
4.42	0.00428654	0.00437774	4.77811e-05	3.32338e-08	3.51923e-07
4.43	0.00444274	0.00454085	4.94169e-05	3.27437e-08	3.57873e-07
4.44	0.00460398	0.00470933	5.11077e-05	3.22329e-08	3.63982e-07
4.45	0.00477045	0.00488336	5.28554e-05	3.17011e-08	3.70257e-07
4.46	0.00494232	0.00506313	5.46618e-05	3.11478e-08	3.76704e-07
4.47	0.00511976	0.00524882	5.65289e-05	3.05726e-08	3.8333e-07
4.48	0.00530297	0.00544064	5.84586e-05	2.9975e-08	3.9014e-07
4.49	0.00549214	0.00563879	6.0453e-05	2.93547e-08	3.97258e-07
4.5	0.00568746	0.00584349	6.25143e-05	2.8711e-08	4.04671e-07
4.51	0.00588914	0.00605494	6.46446e-05	2.80437e-08	4.12265e-07
4.52	0.00609739	0.00627337	6.68463e-05	2.73521e-08	4.20051e-07
4.53	0.00631244	0.006499	6.91215e-05	2.66358e-08	4.28038e-07
4.54	0.00653449	0.00673209	7.14728e-05	2.58944e-08	4.36237e-07
4.55	0.0067638	0.00697285	7.39025e-05	2.51273e-08	4.44659e-07
4.56	0.00700059	0.00722156	7.64133e-05	2.43339e-08	4.53315e-07
4.57	0.00724511	0.00747845	7.90076e-05	2.35138e-08	4.62218e-07
4.58	0.00749761	0.0077438	8.16883e-05	2.26664e-08	4.71378e-07
4.59	0.00775836	0.00801788	8.44581e-05	2.17912e-08	4.80809e-07
4.6	0.00802762	0.00830095	8.73198e-05	2.08875e-08	4.90524e-07
4.61	0.00830567	0.00859332	9.02764e-05	1.99548e-08	5.00535e-07
4.62	0.0085928	0.00889526	9.33308e-05	1.89926e-08	5.10856e-07
4.63	0.00888929	0.00920708	9.64861e-05	1.80001e-08	5.21503e-07
4.64	0.00919545	0.00952909	9.97456e-05	1.69769e-08	5.32488e-07
4.65	0.0095116	0.00986159	0.000103112	1.59222e-08	5.43828e-07
4.66	0.00983804	0.0102049	0.00010659	1.48353e-08	5.55537e-07
4.67	0.0101751	0.0105594	0.000110182	1.37158e-08	5.67632e-07
4.68	0.0105231	0.0109254	0.000113891	1.25627e-08	5.80129e-07
4.69	0.0108825	0.0113032	0.000117722	1.13755e-08	5.93044e-07
4.7	0.0112535	0.0116932	0.000121677	1.01535e-08	6.06395e-07
4.71	0.0116366	0.0120957	0.000125762	8.89592e-09	6.202e-07
4.72	0.012032	0.0125112	0.000129979	7.602e-09	6.34477e-07
4.73	0.0124403	0.01294	0.000134333	6.271e-09	6.49244e-07
4.74	0.0128618	0.0133824	0.000138827	4.90216e-09	6.64521e-07
4.75	0.0132968	0.013839	0.000143467	3.49468e-09	6.80055e-07
4.76	0.0137459	0.0143099	0.000148256	2.04775e-09	6.96087e-07
4.77	0.0142095	0.0147958	0.000153198	5.60555e-10	7.12632e-07
4.78	0.0146879	0.015297	0.000158298	9.67753e-10	7.29708e-07
4.79	0.0151817	0.0158139	0.000163561	2.53803e-09	7.47331e-07
4.8	0.0156913	0.0163469	0.000168992	4.15115e-09	7.65518e-07
4.81	0.0162172	0.0168965	0.000174594	5.80801e-09	7.84287e-07
4.82	0.0167599	0.0174631	0.000180373	7.50951e-09	8.03654e-07
4.83	0.0173198	0.0180471	0.000186334	9.25659e-09	8.23639e-07
4.84	0.0178976	0.0186491	0.000192482	1.10502e-08	8.44259e-07
4.85	0.0184936	0.0192694	0.000198822	1.28912e-08	8.65534e-07
4.86	0.0191085	0.0199086	0.000205359	1.47808e-08	8.87482e-07
4.87	0.0197428	0.0205671	0.000212099	1.67197e-08	9.10124e-07
4.88	0.020397	0.0212453	0.000219047	1.87092e-08	9.33478e-07
4.89	0.0210718	0.0219439	0.000226209	2.07501e-08	9.57566e-07
4.9	0.0217677	0.0226631	0.000233589	2.28435e-08	9.82408e-07
4.91	0.0224853	0.0234035	0.000241195	2.49905e-08	1.00802e-06
4.92	0.0232253	0.0241657	0.000249031	2.71922e-08	1.03444e-06
4.93	0.0239882	0.02495	0.000257104	2.94496e-08	1.06167e-06
4.94	0.0247747	0.025757	0.000265419	3.17639e-08	1.08973e-06
4.95	0.0255856	0.0265871	0.000273983	3.41361e-08	1.11866e-06
4.96	0.0264213	0.0274409	0.000282801	3.65675e-08	1.14848e-06
4.97	0.0272827	0.0283188	0.00029188	3.9059e-08	1.1792e-06
4.98	0.0281703	0.0292214	0.000301226	4.1612e-08	1.21085e-06
4.99	0.0290851	0.030149	0.000310845	4.42274e-08	1.24345e-06
5	0.0300275	0.0311022	0.000320744	4.69066e-08	1.27702e-06
5.01	0.0309985	0.0320814	0.000330928	4.96507e-08	1.3116e-06
5.02	0.0319987	0.0330871	0.000341405	5.24609e-08	1.34719e-06
5.03	0.0330289	0.0341197	0.000352181	5.53384e-08	1.38383e-06
5.04	0.03409	0.0351798	0.000363262	5.82843e-08	1.42155e-06
5.05	0.0351826	0.0362677	0.000374654	6.12999e-08	1.46035e-06
5.06	0.0363077	0.0373839	0.000386365	6.43863e-08	1.50028e-06
5.07	0.037466	0.0385288	0.000398401	6.75449e-08	1.54134e-06
5.08	0.0386583	0.0397028	0.000410768	7.07767e-08	1.58357e-06
5.09	0.0398856	0.0409062	0.000423473	7.4083e-08	1.627e-06
5.1	0.0411488	0.0421395	0.000436522	7.74651e-08	1.67163e-06
5.11	0.0424486	0.0434031	0.000449922	8.09239e-08	1.71751e-06
5.12	0.043786	0.0446971	0.00046368	8.44609e-08	1.76464e-06
5.13	0.0451619	0.046022	0.000477801	8.8077e-08	1.81307e-06
5.14	0.0465773	0.047378	0.000492292	9.17736e-08	1.8628e-06
5.15	0.048033	0.0487655	0.00050716	9.55517e-08	1.91386e-06
5.16	0.0495301	0.0501846	0.00052241	9.94124e-08	1.96628e-06
5.17	0.0510695	0.0516355	0.000538048	1.03357e-07	2.02008e-06
5.18	0.0526521	0.0531185	0.000554081	1.07386e-07	2.07528e-06
5.19	0.0542791	0.0546337	0.000570515	1.11501e-07	2.1319e-06
5.2	0.0559514	0.0561812	0.000587354	1.15704e-07	2.18996e-06
5.21	0.05767	0.0577611	0.000604606	1.19994e-07	2.24949e-06
5.22	0.059436	0.0593735	0.000622274	1.24373e-07	2.3105e-06
5.23	0.0612505	0.0610183	0.000640365	1.28842e-07	2.37302e-06
5.24	0.0631145	0.0626955	0.000658883	1.33401e-07	2.43706e-06
5.25	0.0650291	0.0644051	0.000677833	1.38053e-07	2.50264e-06
5.26	0.0669954	0.0661469	0.00069722	1.42796e-07	2.56978e-06
5.27	0.0690145	0.0679207	0.000717049	1.47633e-07	2.63849e-06
5.28	0.0710876	0.0697264	0.000737322	1.52563e-07	2.7088e-06
5.29	0.0732158	0.0715638	0.000758045	1.57588e-07	2.78071e-06
5.3	0.0754002	0.0734324	0.00077922	1.62709e-07	2.85425e-06
5.31	0.0776421	0.0753319	0.000800851	1.67924e-07	2.92941e-06
5.32	0.0799426	0.0772619	0.000822941	1.73236e-07	3.00622e-06
5.33	0.0823029	0.079222	0.000845492	1.78644e-07	3.08468e-06
5.34	0.0847242	0.0812116	0.000868506	1.84149e-07	3.16481e-06
5.35	0.0872079	0.0832301	0.000891986	1.8975e-07	3.2466e-06
5.36	0.0897551	0.0852768	0.000915932	1.95449e-07	3.33007e-06
5.37	0.092367	0.0873511	0.000940345	2.01245e-07	3.41522e-06
5.38	0.0950451	0.0894522	0.000965226	2.07138e-07	3.50205e-06
5.39	0.0977905	0.0915793	0.000990575	2.13128e-07	3.59057e-06
5.4	0.100605	0.0937314	0.00101639	2.19214e-07	3.68077e-06
5.41	0.103489	0.0959076	0.00104267	2.25397e-07	3.77265e-06
5.42	0.106444	0.0981069	0.00106942	2.31676e-07	3.86621e-06
5.43	0.109472	0.100328	0.00109663	2.3805e-07	3.96144e-06
5.44	0.112575	0.10257	0.0011243	2.44518e-07	4.05833e-06
5.45	0.115753	0.104832	0.00115243	2.51081e-07	4.15688e-06
5.46	0.119007	0.107112	0.00118101	2.57736e-07	4.25706e-06
5.47	0.122341	0.109409	0.00121004	2.64484e-07	4.35888e-06
5.48	0.125754	0.111722	0.00123951	2.71322e-07	4.4623e-06
5.49	0.129248	0.114049	0.00126942	2.78249e-07	4.5673e-06
5.5	0.132826	0.116388	0.00129977	2.85265e-07	4.67388e-06
5.51	0.136487	0.118739	0.00133053	2.92366e-07	4.782e-06
5.52	0.140235	0.121098	0.00136172	2.99552e-07	4.89164e-06
5.53	0.14407	0.123466	0.00139331	3.06821e-07	5.00276e-06
5.54	0.147995	0.125839	0.0014253	3.14171e-07	5.11535e-06
5.55	0.15201	0.128216	0.00145768	3.21599e-07	5.22935e-06
5.56	0.156118	0.130595	0.00149043	3.29103e-07	5.34474e-06
5.57	0.160321	0.132975	0.00152356	3.36681e-07	5.46147e-06
5.58	0.164619	0.135353	0.00155703	3.44329e-07	5.5795e-06
5.59	0.169015	0.137727	0.00159085	3.52046e-07	5.6988e-06
5.6	0.173511	0.140096	0.001625	3.59828e-07	5.8193e-06
5.61	0.178109	0.142456	0.00165946	3.67671e-07	5.94096e-06
5.62	0.18281	0.144807	0.00169422	3.75573e-07	6.06372e-06
5.63	0.187617	0.147145	0.00172925	3.83531e-07	6.18753e-06
5.64	0.192531	0.149469	0.00176456	3.91539e-07	6.31232e-06
5.65	0.197555	0.151777	0.0018001	3.99596e-07	6.43804e-06
5.66	0.202691	0.154065	0.00183588	4.07696e-07	6.56462e-06
5.67	0.207942	0.156333	0.00187186	4.15835e-07	6.69199e-06
5.68	0.213308	0.158578	0.00190803	4.24009e-07	6.82008e-06
5.69	0.218794	0.160797	0.00194437	4.32214e-07	6.94881e-06
5.7	0.224401	0.162988	0.00198085	4.40445e-07	7.07811e-06
5.71	0.230132	0.16515	0.00201746	4.48697e-07	7.2079e-06
5.72	0.23599	0.167279	0.00205416	4.56965e-07	7.33809e-06
5.73	0.241977	0.169374	0.00209094	4.65244e-07	7.46861e-06
5.74	0.248096	0.171432	0.00212777	4.73529e-07	7.59936e-06
5.75	0.254351	0.173451	0.00216462	4.81814e-07	7.73025e-06
5.76	0.260744	0.175429	0.00220147	4.90094e-07	7.86119e-06
5.77	0.267278	0.177364	0.00223829	4.98362e-07	7.99209e-06
5.78	0.273958	0.179254	0.00227506	5.06614e-07	8.12284e-06
5.79	0.280787	0.181097	0.00231174	5.14842e-07	8.25335e-06
5.8	0.287768	0.18289	0.00234831	5.23042e-07	8.38352e-06
5.81	0.294905	0.184633	0.00238474	5.31206e-07	8.51324e-06
5.82	0.302203	0.186321	0.00242099	5.39329e-07	8.64241e-06
5.83	0.309666	0.187955	0.00245704	5.47403e-07	8.77091e-06
5.84	0.317298	0.189533	0.00249286	5.55423e-07	8.89865e-06
5.85	0.325105	0.191051	0.00252842	5.63382e-07	9.0255e-06
5.86	0.333091	0.192509	0.00256368	5.71272e-07	9.15136e-06
5.87	0.341261	0.193906	0.00259862	5.79088e-07	9.27612e-06
5.88	0.349622	0.195239	0.00263319	5.86822e-07	9.39965e-06
5.89	0.35818	0.196508	0.00266738	5.94468e-07	9.52185e-06
5.9	0.36694	0.19771	0.00270114	6.02018e-07	9.6426e-06
5.91	0.37591	0.198845	0.00273444	6.09466e-07	9.76178e-06
5.92	0.385096	0.199911	0.00276726	6.16804e-07	9.87927e-06
5.93	0.394507	0.200908	0.00279955	6.24025e-07	9.99497e-06
5.94	0.40415	0.201834	0.00283129	6.31124e-07	1.01087e-05
5.95	0.414034	0.202689	0.00286244	6.38091e-07	1.02205e-05
5.96	0.424169	0.203471	0.00289298	6.44922e-07	1.03301e-05
5.97	0.434564	0.204179	0.00292286	6.51607e-07	1.04374e-05
5.98	0.445229	0.204814	0.00295206	6.58142e-07	1.05423e-05
5.99	0.456176	0.205375	0.00298054	6.64518e-07	1.06447e-05
6	0.467417	0.205861	0.00300827	6.70729e-07	1.07446e-05
6.01	0.478965	0.206271	0.00303523	6.76769e-07	1.08417e-05
6.02	0.490834	0.206606	0.00306138	6.8263e-07	1.09359e-05
6.03	0.503039	0.206866	0.00308669	6.88306e-07	1.10273e-05
6.04	0.515595	0.207049	0.00311114	6.93791e-07	1.11155e-05
6.05	0.52852	0.207157	0.00313469	6.99079e-07	1.12007e-05
6.06	0.541833	0.20719	0.00315731	7.04163e-07	1.12826e-05
6.07	0.555553	0.207147	0.00317898	7.09038e-07	1.13611e-05
6.08	0.569703	0.207028	0.00319968	7.13698e-07	1.14362e-05
6.09	0.584306	0.206836	0.00321937	7.18136e-07	1.15077e-05
6.1	0.599388	0.206568	0.00323803	7.22349e-07	1.15756e-05
6.11	0.614976	0.206227	0.00325564	7.26329e-07	1.16398e-05
6.12	0.6311	0.205813	0.00327218	7.30074e-07	1.17002e-05
6.13	0.647795	0.205327	0.00328762	7.33577e-07	1.17567e-05
6.14	0.665094	0.204769	0.00330194	7.36834e-07	1.18093e-05
6.15	0.683039	0.20414	0.00331513	7.39841e-07	1.18578e-05
6.16	0.70167	0.203442	0.00332717	7.42594e-07	1.19023e-05
6.17	0.721037	0.202674	0.00333803	7.45088e-07	1.19426e-05
6.18	0.74119	0.201839	0.00334771	7.47322e-07	1.19787e-05
6.19	0.762187	0.200937	0.00335619	7.4929e-07	1.20105e-05
6.2	0.784091	0.19997	0.00336346	7.50991e-07	1.20381e-05
6.21	0.806971	0.198939	0.0033695	7.52421e-07	1.20612e-05
6.22	0.830904	0.197845	0.00337431	7.53579e-07	1.208e-05
6.23	0.855977	0.196689	0.00337788	7.54462e-07	1.20944e-05
6.24	0.882286	0.195474	0.00338019	7.55069e-07	1.21043e-05
6.25	0.909936	0.1942	0.00338126	7.55397e-07	1.21097e-05
6.26	0.939049	0.192868	0.00338106	7.55447e-07	1.21107e-05
6.27	0.96976	0.191482	0.0033796	7.55217e-07	1.21071e-05
6.28	1.00222	0.190041	0.00337688	7.54706e-07	1.20991e-05
6.29	1.0366	0.188548	0.0033729	7.53916e-07	1.20865e-05
6.3	1.0731	0.187004	0.00336766	7.52845e-07	1.20695e-05
6.31	1.11194	0.185412	0.00336116	7.51494e-07	1.20479e-05
6.32	1.15338	0.183772	0.00335342	7.49865e-07	1.20219e-05
6.33	1.19771	0.182087	0.00334443	7.47959e-07	1.19914e-05
6.34	1.24527	0.180357	0.0033342	7.45776e-07	1.19565e-05
6.35	1.29646	0.178586	0.00332275	7.43319e-07	1.19173e-05
6.36	1.35174	0.176775	0.00331008	7.40591e-07	1.18736e-05
6.37	1.41165	0.174925	0.00329621	7.37592e-07	1.18257e-05
6.38	1.47685	0.173038	0.00328116	7.34328e-07	1.17735e-05
6.39	1.54809	0.171117	0.00326493	7.308e-07	1.17171e-05
6.4	1.62631	0.169163	0.00324755	7.27011e-07	1.16566e-05
6.41	1.71261	0.167177	0.00322904	7.22967e-07	1.1592e-05
6.42	1.80837	0.165162	0.00320941	7.1867e-07	1.15234e-05
6.43	1.91527	0.163119	0.00318868	7.14125e-07	1.14508e-05
6.44	2.03541	0.161051	0.00316688	7.09337e-07	1.13744e-05
6.45	2.17146	0.158959	0.00314403	7.0431e-07	1.12942e-05
6.46	2.32683	0.156844	0.00312016	6.9905e-07	1.12103e-05
6.47	2.50596	0.154709	0.00309529	6.93562e-07	1.11228e-05
6.48	2.71471	0.152555	0.00306944	6.87851e-07	1.10319e-05
6.49	2.96102	0.150384	0.00304265	6.81924e-07	1.09375e-05
6.5	3.25585	0.148198	0.00301495	6.75786e-07	1.08398e-05
6.51	3.61471	0.145999	0.00298636	6.69443e-07	1.07389e-05
6.52	4.06031	0.143787	0.00295691	6.62903e-07	1.0635e-05
6.53	4.62702	0.141566	0.00292665	6.56171e-07	1.0528e-05
6.54	5.36924	0.139335	0.00289559	6.49255e-07	1.04182e-05
6.55	6.37772	0.137098	0.00286377	6.42161e-07	1.03057e-05
6.56	7.81408	0.134856	0.00283122	6.34896e-07	1.01905e-05
6.57	9.99146	0.132609	0.00279798	6.27467e-07	1.00729e-05
6.58	13.5871	0.13036	0.00276409	6.19883e-07	9.95282e-06
6.59	20.3031	0.128111	0.00272957	6.1215e-07	9.83051e-06
6.6	35.4459	0.125862	0.00269446	6.04276e-07	9.70606e-06
6.61	82.0159	0.123615	0.0026588	5.96268e-07	9.57962e-06
6.62	333.223	0.121371	0.00262263	5.88134e-07	9.45129e-06
6.63	4501.89	0.119133	0.00258597	5.79881e-07	9.32121e-06
6.64	767684	0.1169	0.00254886	5.71518e-07	9.18951e-06
6.65	2.22394e+10	0.114675	0.00251135	5.63052e-07	9.05632e-06
6.66	1.87007e+19	0.112458	0.00247346	5.54491e-07	8.92176e-06
6.67	1.32494e+37	0.110252	0.00243523	5.45842e-07	8.78596e-06
6.68	6.66412e+72	0.108056	0.0023967	5.37114e-07	8.64906e-06
6.69	1.68929e+144	0.105872	0.0023579	5.28313e-07	8.51117e-06
6.7	1.08766e+287	0.103702	0.00231887	5.19448e-07	8.37243e-06
6.71	inf	0.101546	0.00227963	5.10526e-07	8.23295e-06
6.72	nan	0.0994059	0.00224024	5.01554e-07	8.09287e-06
6.73	nan	0.0972817	0.00220071	4.92541e-07	7.9523e-06
6.74	nan	0.0951748	0.00216109	4.83493e-07	7.81137e-06
6.75	nan	0.093086	0.0021214	4.74418e-07	7.67019e-06
6.76	nan	0.0910163	0.00208168	4.65322e-07	7.52888e-06
6.77	nan	0.0889665	0.00204197	4.56213e-07	7.38756e-06
6.78	nan	0.0869373	0.00200228	4.47098e-07	7.24633e-06
6.79	nan	0.0849296	0.00196265	4.37983e-07	7.10531e-06
6.8	nan	0.0829439	0.00192312	4.28875e-07	6.9646e-06
6.81	nan	0.080981	0.0018837	4.1978e-07	6.82432e-06
6.82	nan	0.0790416	0.00184443	4.10705e-07	6.68455e-06
6.83	nan	0.0771261	0.00180534	4.01656e-07	6.5454e-06
6.84	nan	0.0752352	0.00176645	3.92639e-07	6.40697e-06
6.85	nan	0.0733693	0.00172778	3.8366e-07	6.26934e-06
6.86	nan	0.071529	0.00168937	3.74723e-07	6.13261e-06
6.87	nan	0.0697148	0.00165124	3.65835e-07	5.99686e-06
6.88	nan	0.0679269	0.0016134	3.57001e-07	5.86218e-06
6.89	nan	0.0661658	0.00157588	3.48225e-07	5.72864e-06
6.9	nan	0.0644318	0.0015387	3.39513e-07	5.59632e-06
6.91	nan	0.0627253	0.00150188	3.3087e-07	5.46529e-06
6.92	nan	0.0610465	0.00146545	3.22299e-07	5.33563e-06
6.93	nan	0.0593956	0.00142941	3.13804e-07	5.20739e-06
6.94	nan	0.0577728	0.00139379	3.05391e-07	5.08063e-06
6.95	nan	0.0561784	0.00135859	2.97062e-07	4.95543e-06
6.96	nan	0.0546124	0.00132385	2.88822e-07	4.83182e-06
6.97	nan	0.053075	0.00128956	2.80673e-07	4.70987e-06
6.98	nan	0.0515662	0.00125575	2.72619e-07	4.58962e-06
6.99	nan	0.0500862	0.00122242	2.64663e-07	4.47111e-06
7	nan	0.0486349	0.00118959	2.56807e-07	4.35439e-06
7.01	nan	0.0472124	0.00115727	2.49055e-07	4.23949e-06
7.02	nan	0.0458185	0.00112546	2.41408e-07	4.12645e-06
7.03	nan	0.0444534	0.00109418	2.33869e-07	4.01529e-06
7.04	nan	0.0431168	0.00106344	2.26439e-07	3.90605e-06
7.05	nan	0.0418087	0.00103323	2.19122e-07	3.79874e-06
7.06	nan	0.040529	0.00100356	2.11918e-07	3.6934e-06
7.07	nan	0.0392775	0.000974449	2.04828e-07	3.59004e-06
7.08	nan	0.0380541	0.00094589	1.97854e-07	3.48866e-06
7.09	nan	0.0368586	0.000917889	1.90998e-07	3.3893e-06
7.1	nan	0.0356908	0.000890448	1.84259e-07	3.29195e-06
7.11	nan	0.0345504	0.00086357	1.7764e-07	3.19662e-06
7.12	nan	0.0334372	0.000837255	1.71139e-07	3.10331e-06
7.13	nan	0.032351	0.000811504	1.64759e-07	3.01203e-06
7.14	nan	0.0312915	0.000786317	1.58499e-07	2.92278e-06
7.15	nan	0.0302584	0.000761692	1.52359e-07	2.83555e-06
7.16	nan	0.0292514	0.000737629	1.4634e-07	2.75034e-06
7.17	nan	0.0282702	0.000714125	1.40442e-07	2.66714e-06
7.18	nan	0.0273145	0.000691178	1.34663e-07	2.58594e-06
7.19	nan	0.0263839	0.000668784	1.29005e-07	2.50672e-06
7.2	nan	0.0254781	0.000646939	1.23465e-07	2.42948e-06
7.21	nan	0.0245968	0.000625641	1.18045e-07	2.3542e-06
7.22	nan	0.0237395	0.000604882	1.12743e-07	2.28085e-06
7.23	nan	0.0229059	0.00058466	1.07558e-07	2.20943e-06
7.24	nan	0.0220956	0.000564967	1.0249e-07	2.13991e-06
7.25	nan	0.0213082	0.000545799	9.75376e-08	2.07227e-06
7.26	nan	0.0205434	0.000527148	9.26998e-08	2.00649e-06
7.27	nan	0.0198007	0.000509009	8.79756e-08	1.94254e-06
7.28	nan	0.0190797	0.000491373	8.33638e-08	1.8804e-06
7.29	nan	0.0183801	0.000474235	7.88631e-08	1.82003e-06
7.3	nan	0.0177013	0.000457587	7.44723e-08	1.76142e-06
7.31	nan	0.017043	0.00044142	7.019e-08	1.70454e-06
7.32	nan	0.0164049	0.000425727	6.60149e-08	1.64935e-06
7.33	nan	0.0157863	0.0004105	6.19454e-08	1.59582e-06
7.34	nan	0.0151871	0.000395731	5.79801e-08	1.54393e-06
7.35	nan	0.0146066	0.00038141	5.41174e-08	1.49365e-06
7.36	nan	0.0140445	0.00036753	5.03559e-08	1.44494e-06
7.37	nan	0.0135005	0.000354081	4.66938e-08	1.39776e-06
7.38	nan	0.012974	0.000341056	4.31296e-08	1.3521e-06
7.39	nan	0.0124647	0.000328444	3.96617e-08	1.30791e-06
7.4	nan	0.0119721	0.000316238	3.62883e-08	1.26517e-06
7.41	nan	0.0114958	0.000304427	3.30079e-08	1.22383e-06
7.42	nan	0.0110355	0.000293004	2.98187e-08	1.18387e-06
7.43	nan	0.0105907	0.000281959	2.6719e-08	1.14526e-06
7.44	nan	0.010161	0.000271282	2.37072e-08	1.10796e-06
7.45	nan	0.00974601	0.000260966	2.07815e-08	1.07193e-06
7.46	nan	0.00934538	0.000251001	1.79402e-08	1.03715e-06
7.47	nan	0.0089587	0.000241378	1.51817e-08	1.00359e-06
7.48	nan	0.00858558	0.000232089	1.25042e-08	9.71198e-07
7.49	nan	0.00822564	0.000223123	9.9061e-09	9.39959e-07
7.5	nan	0.00787852	0.000214474	7.38568e-09	9.09836e-07
7.51	nan	0.00754385	0.000206132	4.94128e-09	8.80796e-07
7.52	nan	0.00722126	0.000198088	2.57127e-09	8.5281e-07
7.53	nan	0.0069104	0.000190334	2.74003e-10	8.25845e-07
7.54	nan	0.00661092	0.000182862	1.95213e-09	7.99871e-07
7.55	nan	0.00632249	0.000175663	4.10874e-09	7.74858e-07
7.56	nan	0.00604475	0.00016873	6.19738e-09	7.50777e-07
7.57	nan	0.00577738	0.000162054	8.21963e-09	7.27598e-07
7.58	nan	0.00552007	0.000155627	1.0177e-08	7.05292e-07
7.59	nan	0.00527248	0.000149443	1.20711e-08	6.83831e-07
7.6	nan	0.00503431	0.000143492	1.39032e-08	6.63187e-07
7.61	nan	0.00480526	0.000137768	1.5675e-08	6.43334e-07
7.62	nan	0.00458503	0.000132264	1.73878e-08	6.24244e-07
7.63	nan	0.00437333	0.000126972	1.9043e-08	6.05891e-07
7.64	nan	0.00416987	0.000121885	2.06421e-08	5.87956e-07
7.65	nan	0.00397439	0.000116997	2.21864e-08	5.70766e-07
7.66	nan	0.0037866	0.0001123	2.36771e-08	5.54291e-07
7.67	nan	0.00360624	0.000107789	2.51157e-08	5.38501e-07
7.68	nan	0.00343307	0.000103456	2.65034e-08	5.23368e-07
7.69	nan	0.00326683	9.92963e-05	2.78415e-08	5.08862e-07
7.7	nan	0.00310727	9.5303e-05	2.91311e-08	4.94956e-07
7.71	nan	0.00295416	9.14703e-05	3.03735e-08	4.81624e-07
7.72	nan	0.00280727	8.77926e-05	3.15697e-08	4.68838e-07
7.73	nan	0.00266638	8.42642e-05	3.27211e-08	4.56575e-07
7.74	nan	0.00253126	8.08796e-05	3.38286e-08	4.44808e-07
7.75	nan	0.00240171	7.76336e-05	3.48933e-08	4.33515e-07
7.76	nan	0.00227753	7.45211e-05	3.59164e-08	4.22673e-07
7.77	nan	0.00215851	7.1537e-05	3.68988e-08	4.12258e-07
7.78	nan	0.00204446	6.86766e-05	3.78415e-08	4.02249e-07
7.79	nan	0.00193519	6.5935e-05	3.87455e-08	3.92626e-07
7.8	nan	0.00183053	6.33078e-05	3.96119e-08	3.83367e-07
7.81	nan	0.00173029	6.07906e-05	4.04413e-08	3.74454e-07
7.82	nan	0.00163432	5.83791e-05	4.12349e-08	3.65866e-07
7.83	nan	0.00154243	5.60691e-05	4.19935e-08	3.57587e-07
7.84	nan	0.00145449	5.38567e-05	4.27179e-08	3.49599e-07
7.85	nan	0.00137032	5.1738e-05	4.3409e-08	3.41883e-07
7.86	nan	0.00128979	4.97093e-05	4.40675e-08	3.34425e-07
7.87	nan	0.00121275	4.77669e-05	4.46943e-08	3.27208e-07
7.88	nan	0.00113906	4.59074e-05	4.52901e-08	3.20218e-07
7.89	nan	0.00106859	4.41274e-05	4.58557e-08	3.13809e-07
7.9	nan	0.00100121	4.24236e-05	4.63917e-08	3.07641e-07
7.91	nan	0.000936789	4.0793e-05	4.6899e-08	3.01702e-07
7.92	nan	0.000875214	3.92324e-05	4.73782e-08	2.95981e-07
7.93	nan	0.000816368	3.77391e-05	4.783e-08	2.90469e-07
7.94	nan	0.000760139	3.63101e-05	4.82549e-08	2.85154e-07
7.95	nan	0.000706419	3.49428e-05	4.86537e-08	2.80029e-07
7.96	nan	0.000655105	3.36348e-05	4.9027e-08	2.75083e-07
7.97	nan	0.000606097	3.23834e-05	4.93754e-08	2.70309e-07
7.98	nan	0.000559299	3.11862e-05	4.96994e-08	2.65697e-07
7.99	nan	0.000514619	3.00409e-05	4.99996e-08	2.61239e-07
8	nan	0.000471968	2.89452e-05	5.02766e-08	2.56929e-07
8.01	nan	0.000431261	2.7897e-05	5.05309e-08	2.52758e-07
8.02	nan	0.000392415	2.68943e-05	5.07631e-08	2.48719e-07
8.03	nan	0.000355351	2.5935e-05	5.09737e-08	2.44806e-07
8.04	nan	0.000319994	2.50173e-05	5.11631e-08	2.41013e-07
8.05	nan	0.000286271	2.41393e-05	5.1332e-08	2.37332e-07
8.06	nan	0.000254112	2.32993e-05	5.14806e-08	2.33758e-07
8.07	nan	0.000223449	2.24957e-05	5.16096e-08	2.30286e-07
8.08	nan	0.000194218	2.17268e-05	5.17194e-08	2.26909e-07
8.09	nan	0.000166357	2.0991e-05	5.18104e-08	2.23624e-07
8.1	nan	0.000139807	2.0287e-05	5.1883e-08	2.20424e-07
8.11	nan	0.000114511	1.96132e-05	5.19378e-08	2.17305e-07
8.12	nan	9.04144e-05	1.89683e-05	5.19751e-08	2.14263e-07
8.13	nan	6.74642e-05	1.83511e-05	5.19953e-08	2.11294e-07
8.14	nan	4.56106e-05	1.77602e-05	5.19989e-08	2.08393e-07
8.15	nan	2.48055e-05	1.71945e-05	5.19862e-08	2.05557e-07
8.16	nan	5.00271e-06	1.66528e-05	5.19576e-08	2.02781e-07
8.17	nan	1.38419e-05	1.61341e-05	5.19136e-08	2.00063e-07
8.18	nan	3.17707e-05	1.56373e-05	5.18545e-08	1.97399e-07
8.19	nan	4.88241e-05	1.51613e-05	5.17806e-08	1.94786e-07
8.2	nan	6.50409e-05	1.47053e-05	5.16924e-08	1.92222e-07
8.21	nan	8.04583e-05	1.42684e-05	5.15901e-08	1.89702e-07
8.22	nan	9.51118e-05	1.38495e-05	5.14742e-08	1.87225e-07
8.23	nan	0.000109035	1.3448e-05	5.1345e-08	1.84788e-07
8.24	nan	0.000122262	1.3063e-05	5.12029e-08	1.82389e-07
8.25	nan	0.000134822	1.26938e-05	5.10481e-08	1.80026e-07
8.26	nan	0.000146745	1.23395e-05	5.08811e-08	1.77696e-07
8.27	nan	0.000158061	1.19996e-05	5.0702e-08	1.75397e-07
8.28	nan	0.000168795	1.16733e-05	5.05114e-08	1.73128e-07
8.29	nan	0.000178975	1.136e-05	5.03095e-08	1.70887e-07
8.3	nan	0.000188625	1.10592e-05	5.00966e-08	1.68672e-07
8.31	nan	0.000197768	1.07702e-05	4.9873e-08	1.66482e-07
8.32	nan	0.000206429	1.04924e-05	4.96391e-08	1.64315e-07
8.33	nan	0.000214627	1.02254e-05	4.93952e-08	1.62171e-07
8.34	nan	0.000222384	9.96866e-06	4.91415e-08	1.60047e-07
8.35	nan	0.00022972	9.72167e-06	4.88784e-08	1.57942e-07
8.36	nan	0.000236653	9.48399e-06	4.86062e-08	1.55856e-07
8.37	nan	0.000243202	9.25518e-06	4.83251e-08	1.53788e-07
8.38	nan	0.000249384	9.03481e-06	4.80355e-08	1.51737e-07
8.39	nan	0.000255216	8.8225e-06	4.77377e-08	1.49701e-07
8.4	nan	0.000260712	8.61787e-06	4.74319e-08	1.4768e-07
8.41	nan	0.000265888	8.42055e-06	4.71185e-08	1.45674e-07
8.42	nan	0.000270758	8.23021e-06	4.67978e-08	1.43682e-07
8.43	nan	0.000275337	8.0465e-06	4.64699e-08	1.41703e-07
8.44	nan	0.000279636	7.86913e-06	4.61353e-08	1.39737e-07
8.45	nan	0.000283669	7.69779e-06	4.57941e-08	1.37783e-07
8.46	nan	0.000287446	7.53219e-06	4.54467e-08	1.35841e-07
8.47	nan	0.000290981	7.37208e-06	4.50934e-08	1.33911e-07
8.48	nan	0.000294282	7.21719e-06	4.47343e-08	1.31992e-07
8.49	nan	0.000297361	7.06727e-06	4.43699e-08	1.30084e-07
8.5	nan	0.000300227	6.9221e-06	4.40004e-08	1.28187e-07
8.51	nan	0.00030289	6.78145e-06	4.36259e-08	1.263e-07
8.52	nan	0.000305358	6.64511e-06	4.32469e-08	1.24424e-07
8.53	nan	0.000307641	6.51288e-06	4.28636e-08	1.22559e-07
8.54	nan	0.000309745	6.38457e-06	4.24762e-08	1.20705e-07
8.55	nan	0.000311679	6.26e-06	4.2085e-08	1.1886e-07
8.56	nan	0.00031345	6.13899e-06	4.16903e-08	1.17027e-07
8.57	nan	0.000315065	6.02137e-06	4.12923e-08	1.15204e-07
8.58	nan	0.00031653	5.907e-06	4.08913e-08	1.13391e-07
8.59	nan	0.000317853	5.79573e-06	4.04875e-08	1.1159e-07
8.6	nan	0.000319039	5.68741e-06	4.00813e-08	1.09799e-07
8.61	nan	0.000320093	5.5819e-06	3.96727e-08	1.0802e-07
8.62	nan	0.000321022	5.47908e-06	3.92622e-08	1.06251e-07
8.63	nan	0.00032183	5.37884e-06	3.885e-08	1.04495e-07
8.64	nan	0.000322522	5.28104e-06	3.84362e-08	1.0275e-07
8.65	nan	0.000323103	5.18559e-06	3.80212e-08	1.01017e-07
8.66	nan	0.000323577	5.09238e-06	3.76051e-08	9.92958e-08
8.67	nan	0.00032395	5.00131e-06	3.71883e-08	9.75876e-08
8.68	nan	0.000324223	4.91229e-06	3.6771e-08	9.58923e-08
8.69	nan	0.000324403	4.82523e-06	3.63533e-08	9.42101e-08
8.7	nan	0.000324491	4.74004e-06	3.59356e-08	9.25415e-08
8.71	nan	0.000324492	4.65664e-06	3.55181e-08	9.08867e-08
8.72	nan	0.000324409	4.57497e-06	3.5101e-08	8.92462e-08
8.73	nan	0.000324245	4.49494e-06	3.46845e-08	8.76202e-08
8.74	nan	0.000324002	4.41649e-06	3.42689e-08	8.60092e-08
8.75	nan	0.000323684	4.33955e-06	3.38543e-08	8.44135e-08
8.76	nan	0.000323294	4.26407e-06	3.3441e-08	8.28336e-08
8.77	nan	0.000322833	4.18999e-06	3.30293e-08	8.12698e-08
8.78	nan	0.000322304	4.11724e-06	3.26193e-08	7.97226e-08
8.79	nan	0.000321709	4.04579e-06	3.22112e-08	7.81924e-08
8.8	nan	0.000321051	3.97558e-06	3.18053e-08	7.66795e-08
8.81	nan	0.000320331	3.90656e-06	3.14017e-08	7.51845e-08
8.82	nan	0.000319551	3.8387e-06	3.10008e-08	7.37078e-08
8.83	nan	0.000318713	3.77195e-06	3.06026e-08	7.22497e-08
8.84	nan	0.000317819	3.70627e-06	3.02073e-08	7.08108e-08
8.85	nan	0.000316869	3.64163e-06	2.98152e-08	6.93914e-08
8.86	nan	0.000315867	3.57799e-06	2.94265e-08	6.79921e-08
8.87	nan	0.000314812	3.51533e-06	2.90413e-08	6.66132e-08
8.88	nan	0.000313706	3.45361e-06	2.86599e-08	6.52552e-08
8.89	nan	0.00031255	3.3928e-06	2.82824e-08	6.39185e-08
8.9	nan	0.000311345	3.33288e-06	2.79089e-08	6.26036e-08
8.91	nan	0.000310093	3.27383e-06	2.75398e-08	6.13109e-08
8.92	nan	0.000308794	3.21562e-06	2.7175e-08	6.00408e-08
8.93	nan	0.000307449	3.15822e-06	2.68149e-08	5.87939e-08
8.94	nan	0.000306058	3.10164e-06	2.64596e-08	5.75704e-08
8.95	nan	0.000304623	3.04583e-06	2.61092e-08	5.63709e-08
8.96	nan	0.000303144	2.99079e-06	2.57639e-08	5.51958e-08
8.97	nan	0.000301621	2.93651e-06	2.54239e-08	5.40455e-08
8.98	nan	0.000300056	2.88296e-06	2.50893e-08	5.29204e-08
8.99	nan	0.000298447	2.83014e-06	2.47602e-08	5.18209e-08
9	nan	0.000296797	2.77804e-06	2.44368e-08	5.07475e-08
9.01	nan	0.000295104	2.72664e-06	2.41192e-08	4.97005e-08
9.02	nan	0.00029337	2.67594e-06	2.38076e-08	4.86804e-08
9.03	nan	0.000291593	2.62593e-06	2.35022e-08	4.76875e-08
9.04	nan	0.000289776	2.5766e-06	2.32029e-08	4.67222e-08
9.05	nan	0.000287916	2.52794e-06	2.291e-08	4.5785e-08
9.06	nan	0.000286015	2.47996e-06	2.26235e-08	4.48761e-08
9.07	nan	0.000284072	2.43265e-06	2.23437e-08	4.3996e-08
9.08	nan	0.000282087	2.38601e-06	2.20705e-08	4.3145e-08
9.09	nan	0.00028006	2.34003e-06	2.18041e-08	4.23235e-08
9.1	nan	0.000277991	2.29472e-06	2.15447e-08	4.15317e-08
9.11	nan	0.000275879	2.25007e-06	2.12922e-08	4.07701e-08
9.12	nan	0.000273723	2.20609e-06	2.10468e-08	4.0039e-08
9.13	nan	0.000271524	2.16278e-06	2.08086e-08	3.93387e-08
9.14	nan	0.000269281	2.12014e-06	2.05776e-08	3.86694e-08
9.15	nan	0.000266993	2.07817e-06	2.0354e-08	3.80316e-08
9.16	nan	0.00026466	2.03688e-06	2.01378e-08	3.74255e-08
9.17	nan	0.000262281	1.99628e-06	1.9929e-08	3.68514e-08
9.18	nan	0.000259854	1.95638e-06	1.97278e-08	3.63095e-08
9.19	nan	0.000257381	1.91717e-06	1.95342e-08	3.58002e-08
9.2	nan	0.000254858	1.87867e-06	1.93483e-08	3.53236e-08
9.21	nan	0.000252286	1.84089e-06	1.917e-08	3.48801e-08
9.22	nan	0.000249664	1.80383e-06	1.89995e-08	3.44698e-08
9.23	nan	0.00024699	1.76751e-06	1.88368e-08	3.4093e-08
9.24	nan	0.000244263	1.73194e-06	1.86819e-08	3.375e-08
9.25	nan	0.000241482	1.69713e-06	1.85348e-08	3.34408e-08
9.26	nan	0.000238646	1.66309e-06	1.83957e-08	3.31658e-08
9.27	nan	0.000235753	1.62984e-06	1.82644e-08	3.29251e-08
9.28	nan	0.000232802	1.59739e-06	1.8141e-08	3.27188e-08
9.29	nan	0.000229791	1.56577e-06	1.80255e-08	3.25473e-08
9.3	nan	0.000226719	1.53498e-06	1.7918e-08	3.24105e-08
9.31	nan	0.000223584	1.50504e-06	1.78183e-08	3.23086e-08
9.32	nan	0.000220384	1.47598e-06	1.77266e-08	3.22419e-08
9.33	nan	0.000217117	1.44781e-06	1.76427e-08	3.22103e-08
9.34	nan	0.000213781	1.42055e-06	1.75667e-08	3.22141e-08
9.35	nan	0.000210375	1.39422e-06	1.74986e-08	3.22533e-08
9.36	nan	0.000206895	1.36885e-06	1.74383e-08	3.2328e-08
9.37	nan	0.000203341	1.34447e-06	1.73857e-08	3.24384e-08
9.38	nan	0.000199708	1.32109e-06	1.73409e-08	3.25844e-08
9.39	nan	0.000195995	1.29874e-06	1.73038e-08	3.27662e-08
9.4	nan	0.000192199	1.27746e-06	1.72743e-08	3.29838e-08
9.41	nan	0.000188317	1.25726e-06	1.72524e-08	3.32372e-08
9.42	nan	0.000184347	1.23818e-06	1.72381e-08	3.35265e-08
9.43	nan	0.000180285	1.22026e-06	1.72311e-08	3.38518e-08
9.44	nan	0.000176128	1.20351e-06	1.72316e-08	3.42129e-08
9.45	nan	0.000171873	1.18799e-06	1.72393e-08	3.461e-08
9.46	nan	0.000167516	1.17371e-06	1.72542e-08	3.50431e-08
9.47	nan	0.000163053	1.16073e-06	1.72762e-08	3.5512e-08
9.48	nan	0.000158481	1.14908e-06	1.73052e-08	3.60169e-08
9.49	nan	0.000153796	1.1388e-06	1.73411e-08	3.65577e-08
9.5	nan	0.000148994	1.12994e-06	1.73838e-08	3.71343e-08
9.51	nan	0.000144069	1.12253e-06	1.74332e-08	3.77467e-08
9.52	nan	0.000139018	1.11663e-06	1.74891e-08	3.83949e-08
9.53	nan	0.000133835	1.11228e-06	1.75513e-08	3.90787e-08
9.54	nan	0.000128516	1.10954e-06	1.76199e-08	3.97982e-08
9.55	nan	0.000123055	1.10845e-06	1.76945e-08	4.05533e-08
9.56	nan	0.000117447	1.10908e-06	1.77751e-08	4.13439e-08
9.57	nan	0.000111686	1.11147e-06	1.78615e-08	4.21699e-08
9.58	nan	0.000105765	1.1157e-06	1.79535e-08	4.30312e-08
9.59	nan	9.96787e-05	1.12182e-06	1.8051e-08	4.39278e-08
9.6	nan	9.34199e-05	1.12991e-06	1.81537e-08	4.48595e-08
9.61	nan	8.69816e-05	1.14002e-06	1.82616e-08	4.58263e-08
9.62	nan	8.03566e-05	1.15223e-06	1.83743e-08	4.6828e-08
9.63	nan	7.3537e-05	1.16663e-06	1.84916e-08	4.78646e-08
9.64	nan	6.65148e-05	1.18328e-06	1.86135e-08	4.8936e-08
9.65	nan	5.92815e-05	1.20227e-06	1.87395e-08	5.0042e-08
9.66	nan	5.18281e-05	1.22368e-06	1.88696e-08	5.11825e-08
9.67	nan	4.41453e-05	1.24762e-06	1.90034e-08	5.23575e-08
9.68	nan	3.62232e-05	1.27416e-06	1.91408e-08	5.35668e-08
9.69	nan	2.80516e-05	1.30342e-06	1.92814e-08	5.48104e-08
9.7	nan	1.96196e-05	1.3355e-06	1.9425e-08	5.60881e-08
9.71	nan	1.09159e-05	1.3705e-06	1.95713e-08	5.73999e-08
9.72	nan	1.92844e-06	1.40854e-06	1.972e-08	5.87456e-08
9.73	nan	7.3552e-06	1.44974e-06	1.98709e-08	6.01252e-08
9.74	nan	1.69482e-05	1.49423e-06	2.00235e-08	6.15387e-08
9.75	nan	2.68645e-05	1.54214e-06	2.01777e-08	6.29859e-08
9.76	nan	3.71186e-05	1.5936e-06	2.0333e-08	6.44668e-08
9.77	nan	4.77258e-05	1.64877e-06	2.04892e-08	6.59814e-08
9.78	nan	5.87022e-05	1.70779e-06	2.06458e-08	6.75295e-08
9.79	nan	7.00648e-05	1.77083e-06	2.08025e-08	6.91114e-08
9.8	nan	8.18313e-05	1.83805e-06	2.0959e-08	7.07268e-08
9.81	nan	9.40205e-05	1.90964e-06	2.11148e-08	7.23758e-08
9.82	nan	0.000106652	1.98577e-06	2.12695e-08	7.40586e-08
9.83	nan	0.000119747	2.06665e-06	2.14226e-08	7.5775e-08
9.84	nan	0.000133327	2.15247e-06	2.15739e-08	7.75253e-08
9.85	nan	0.000147415	2.24346e-06	2.17227e-08	7.93095e-08
9.86	nan	0.000162035	2.33984e-06	2.18687e-08	8.11277e-08
9.87	nan	0.000177213	2.44185e-06	2.20113e-08	8.29801e-08
9.88	nan	0.000192976	2.54974e-06	2.215e-08	8.48669e-08
9.89	nan	0.000209352	2.66378e-06	2.22843e-08	8.67884e-08
9.9	nan	0.000226371	2.78425e-06	2.24136e-08	8.87447e-08
9.91	nan	0.000244065	2.91143e-06	2.25375e-08	9.07363e-08
9.92	nan	0.000262466	3.04565e-06	2.26552e-08	9.27633e-08
9.93	nan	0.000281611	3.18721e-06	2.27662e-08	9.48263e-08
9.94	nan	0.000301536	3.33648e-06	2.28697e-08	9.69257e-08
9.95	nan	0.00032228	3.4938e-06	2.29653e-08	9.9062e-08
9.96	nan	0.000343885	3.65957e-06	2.30521e-08	1.01236e-07
9.97	nan	0.000366393	3.83417e-06	2.31295e-08	1.03447e-07
9.98	nan	0.000389852	4.01804e-06	2.31966e-08	1.05698e-07
9.99	nan	0.000414309	4.21163e-06	2.32527e-08	1.07988e-07
10	nan	0.000439816	4.4154e-06	2.3297e-08	1.10318e-07
10.01	nan	0.000466428	4.62986e-06	2.33286e-08	1.12689e-07
