Tau                 Error               EOC                 
0.1                 0.000312788                             
0.05                1.96209e-05         3.99473             
0.025               1.22761e-06         3.99847             
0.0125              8.95918e-08         3.77634             
0.00625             1.10018e-08         3.02563             
0.003125            1.36331e-09         3.01255             
0.0015625           1.69549e-10         3.00733             
0.00078125          2.2073e-11          2.94135             
0.000390625         1.39465e-11         0.662379            
0.000195313         6.74941e-11         -2.27486            
9.76563e-05         5.50012e-11         0.295299            
4.88281e-05         2.70395e-10         -2.29754            
2.44141e-05         2.21423e-10         0.288267            
