Tau                 Error               EOC                 
0.1                 0.00208592                              
0.05                6.50329e-05         5.00337             
0.025               4.32878e-06         3.90914             
0.0125              1.31976e-06         1.71369             
0.00625             2.13607e-07         2.62724             
0.003125            2.97629e-08         2.84337             
0.0015625           3.92832e-09         2.92153             
0.00078125          4.06279e-10         3.27337             
0.000390625         1.98373e-11         4.35618             
0.000195313         3.85881e-10         -4.28187            
9.76563e-05         3.31041e-10         0.221147            
4.88281e-05         1.50893e-09         -2.18845            
2.44141e-05         1.31989e-09         0.193108            
