Tau                 Error               EOC                 
0.1                 0.058537                                
0.05                0.0151887           1.94635             
0.025               0.00383394          1.9861              
0.0125              0.000960821         1.99649             
0.00625             0.000240347         1.99915             
0.003125            6.00952e-05         1.9998              
0.0015625           1.50244e-05         1.99995             
0.00078125          3.75613e-06         1.99999             
0.000390625         9.39042e-07         1.99999             
0.000195313         2.3469e-07          2.00044             
9.76563e-05         5.86338e-08         2.00095             
4.88281e-05         1.49431e-08         1.97226             
2.44141e-05         3.88959e-09         1.94179             
