Tau                 Error               EOC                 
0.1                 inf                                     
0.05                inf                 -nan                
0.025               inf                 -nan                
0.0125              inf                 -nan                
0.00625             0.481524            inf                 
0.003125            0.132811            1.85823             
0.0015625           0.057307            1.2126              
0.00078125          0.0269536           1.08823             
0.000390625         0.013101            1.0408              
0.000195313         0.0064618           1.01967             
9.76563e-05         0.00320933          1.00967             
4.88281e-05         0.00159934          1.00479             
2.44141e-05         0.000798349         1.00239             
