0	0
1	0.000313035
2	0.000626696
3	0.000940984
4	0.0012559
5	0.00157145
6	0.00188763
7	0.00220444
8	0.00252188
9	0.00283996
10	0.00315867
11	0.00347802
12	0.00379802
13	0.00411865
14	0.00443992
15	0.00476183
16	0.00508439
17	0.0054076
18	0.00573145
19	0.00605594
20	0.00638109
21	0.00670689
22	0.00703334
23	0.00736044
24	0.00768819
25	0.0080166
26	0.00834567
27	0.0086754
28	0.00900578
29	0.00933683
30	0.00966854
31	0.0100009
32	0.0103339
33	0.0106677
34	0.011002
35	0.0113371
36	0.0116728
37	0.0120091
38	0.0123462
39	0.0126839
40	0.0130223
41	0.0133614
42	0.0137012
43	0.0140416
44	0.0143827
45	0.0147245
46	0.015067
47	0.0154102
48	0.015754
49	0.0160986
50	0.0164438
51	0.0167897
52	0.0171363
53	0.0174837
54	0.0178317
55	0.0181804
56	0.0185297
57	0.0188798
58	0.0192306
59	0.0195821
60	0.0199343
61	0.0202872
62	0.0206408
63	0.0209952
64	0.0213502
65	0.0217059
66	0.0220624
67	0.0224195
68	0.0227774
69	0.023136
70	0.0234953
71	0.0238553
72	0.0242161
73	0.0245775
74	0.0249397
75	0.0253026
76	0.0256663
77	0.0260307
78	0.0263957
79	0.0267616
80	0.0271281
81	0.0274954
82	0.0278634
83	0.0282322
84	0.0286017
85	0.0289719
86	0.0293429
87	0.0297146
88	0.0300871
89	0.0304603
90	0.0308343
91	0.031209
92	0.0315844
93	0.0319606
94	0.0323376
95	0.0327153
96	0.0330938
97	0.033473
98	0.033853
99	0.0342337
100	0.0346152
101	0.0349975
102	0.0353805
103	0.0357643
104	0.0361489
105	0.0365342
106	0.0369203
107	0.0373072
108	0.0376948
109	0.0380833
110	0.0384725
111	0.0388624
112	0.0392532
113	0.0396447
114	0.0400371
115	0.0404302
116	0.0408241
117	0.0412187
118	0.0416142
119	0.0420105
120	0.0424075
121	0.0428054
122	0.043204
123	0.0436035
124	0.0440037
125	0.0444048
126	0.0448066
127	0.0452093
128	0.0456127
129	0.046017
130	0.046422
131	0.0468279
132	0.0472346
133	0.0476421
134	0.0480504
135	0.0484596
136	0.0488695
137	0.0492803
138	0.0496919
139	0.0501043
140	0.0505176
141	0.0509316
142	0.0513465
143	0.0517622
144	0.0521788
145	0.0525962
146	0.0530144
147	0.0534335
148	0.0538534
149	0.0542741
150	0.0546957
151	0.0551181
152	0.0555414
153	0.0559655
154	0.0563905
155	0.0568163
156	0.057243
157	0.0576705
158	0.0580989
159	0.0585281
160	0.0589582
161	0.0593892
162	0.059821
163	0.0602536
164	0.0606872
165	0.0611216
166	0.0615569
167	0.061993
168	0.06243
169	0.0628679
170	0.0633067
171	0.0637464
172	0.0641869
173	0.0646283
174	0.0650706
175	0.0655138
176	0.0659578
177	0.0664028
178	0.0668486
179	0.0672953
180	0.067743
181	0.0681915
182	0.0686409
183	0.0690912
184	0.0695424
185	0.0699946
186	0.0704476
187	0.0709015
188	0.0713564
189	0.0718121
190	0.0722688
191	0.0727263
192	0.0731848
193	0.0736442
194	0.0741046
195	0.0745658
196	0.075028
197	0.0754911
198	0.0759551
199	0.07642
200	0.0768859
201	0.0773527
202	0.0778204
203	0.0782891
204	0.0787587
205	0.0792293
206	0.0797008
207	0.0801732
208	0.0806466
209	0.0811209
210	0.0815962
211	0.0820724
212	0.0825496
213	0.0830277
214	0.0835068
215	0.0839869
216	0.0844679
217	0.0849499
218	0.0854328
219	0.0859167
220	0.0864016
221	0.0868874
222	0.0873742
223	0.087862
224	0.0883507
225	0.0888405
226	0.0893312
227	0.0898229
228	0.0903156
229	0.0908092
230	0.0913039
231	0.0917995
232	0.0922962
233	0.0927938
234	0.0932924
235	0.093792
236	0.0942927
237	0.0947943
238	0.0952969
239	0.0958005
240	0.0963052
241	0.0968108
242	0.0973175
243	0.0978251
244	0.0983338
245	0.0988435
246	0.0993543
247	0.099866
248	0.100379
249	0.100893
250	0.101407
251	0.101923
252	0.10244
253	0.102958
254	0.103477
255	0.103997
256	0.104518
257	0.10504
258	0.105563
259	0.106087
260	0.106613
261	0.107139
262	0.107666
263	0.108194
264	0.108724
265	0.109254
266	0.109786
267	0.110319
268	0.110852
269	0.111387
270	0.111923
271	0.11246
272	0.112998
273	0.113537
274	0.114077
275	0.114618
276	0.11516
277	0.115704
278	0.116248
279	0.116794
280	0.11734
281	0.117888
282	0.118437
283	0.118987
284	0.119538
285	0.12009
286	0.120643
287	0.121197
288	0.121753
289	0.122309
290	0.122867
291	0.123426
292	0.123986
293	0.124547
294	0.125109
295	0.125672
296	0.126236
297	0.126802
298	0.127368
299	0.127936
300	0.128505
301	0.129075
302	0.129646
303	0.130219
304	0.130792
305	0.131367
306	0.131943
307	0.132519
308	0.133098
309	0.133677
310	0.134257
311	0.134839
312	0.135421
313	0.136005
314	0.13659
315	0.137177
316	0.137764
317	0.138352
318	0.138942
319	0.139533
320	0.140125
321	0.140719
322	0.141313
323	0.141909
324	0.142506
325	0.143104
326	0.143703
327	0.144303
328	0.144905
329	0.145508
330	0.146112
331	0.146717
332	0.147324
333	0.147931
334	0.14854
335	0.14915
336	0.149762
337	0.150374
338	0.150988
339	0.151603
340	0.152219
341	0.152837
342	0.153455
343	0.154075
344	0.154696
345	0.155319
346	0.155943
347	0.156567
348	0.157194
349	0.157821
350	0.15845
351	0.15908
352	0.159711
353	0.160343
354	0.160977
355	0.161612
356	0.162248
357	0.162886
358	0.163525
359	0.164165
360	0.164806
361	0.165449
362	0.166093
363	0.166738
364	0.167384
365	0.168032
366	0.168681
367	0.169332
368	0.169983
369	0.170636
370	0.171291
371	0.171946
372	0.172603
373	0.173261
374	0.173921
375	0.174582
376	0.175244
377	0.175908
378	0.176572
379	0.177239
380	0.177906
381	0.178575
382	0.179245
383	0.179917
384	0.18059
385	0.181264
386	0.181939
387	0.182616
388	0.183295
389	0.183974
390	0.184655
391	0.185338
392	0.186021
393	0.186706
394	0.187393
395	0.188081
396	0.18877
397	0.18946
398	0.190152
399	0.190846
400	0.19154
401	0.192236
402	0.192934
403	0.193633
404	0.194333
405	0.195035
406	0.195738
407	0.196443
408	0.197148
409	0.197856
410	0.198565
411	0.199275
412	0.199986
413	0.200699
414	0.201414
415	0.20213
416	0.202847
417	0.203566
418	0.204286
419	0.205007
420	0.20573
421	0.206455
422	0.207181
423	0.207908
424	0.208637
425	0.209367
426	0.210099
427	0.210832
428	0.211567
429	0.212303
430	0.213041
431	0.21378
432	0.214521
433	0.215263
434	0.216006
435	0.216751
436	0.217498
437	0.218246
438	0.218995
439	0.219746
440	0.220499
441	0.221253
442	0.222009
443	0.222766
444	0.223524
445	0.224284
446	0.225046
447	0.225809
448	0.226574
449	0.22734
450	0.228108
451	0.228877
452	0.229648
453	0.23042
454	0.231194
455	0.231969
456	0.232746
457	0.233525
458	0.234305
459	0.235086
460	0.23587
461	0.236654
462	0.237441
463	0.238229
464	0.239018
465	0.239809
466	0.240602
467	0.241396
468	0.242192
469	0.242989
470	0.243788
471	0.244589
472	0.245391
473	0.246195
474	0.247
475	0.247807
476	0.248616
477	0.249426
478	0.250238
479	0.251052
480	0.251867
481	0.252684
482	0.253502
483	0.254322
484	0.255144
485	0.255967
486	0.256792
487	0.257619
488	0.258447
489	0.259277
490	0.260109
491	0.260942
492	0.261777
493	0.262613
494	0.263452
495	0.264291
496	0.265133
497	0.265976
498	0.266821
499	0.267668
500	0.268516
501	0.269367
502	0.270218
503	0.271072
504	0.271927
505	0.272784
506	0.273642
507	0.274503
508	0.275365
509	0.276229
510	0.277094
511	0.277961
512	0.27883
513	0.279701
514	0.280573
515	0.281448
516	0.282323
517	0.283201
518	0.284081
519	0.284962
520	0.285845
521	0.286729
522	0.287616
523	0.288504
524	0.289394
525	0.290286
526	0.29118
527	0.292075
528	0.292972
529	0.293871
530	0.294772
531	0.295675
532	0.296579
533	0.297485
534	0.298393
535	0.299303
536	0.300215
537	0.301128
538	0.302043
539	0.302961
540	0.303879
541	0.3048
542	0.305723
543	0.306647
544	0.307574
545	0.308502
546	0.309432
547	0.310364
548	0.311298
549	0.312233
550	0.313171
551	0.31411
552	0.315051
553	0.315995
554	0.31694
555	0.317886
556	0.318835
557	0.319786
558	0.320739
559	0.321693
560	0.32265
561	0.323608
562	0.324568
563	0.32553
564	0.326494
565	0.32746
566	0.328428
567	0.329398
568	0.33037
569	0.331344
570	0.33232
571	0.333297
572	0.334277
573	0.335258
574	0.336242
575	0.337228
576	0.338215
577	0.339204
578	0.340196
579	0.341189
580	0.342185
581	0.343182
582	0.344182
583	0.345183
584	0.346186
585	0.347192
586	0.348199
587	0.349209
588	0.35022
589	0.351234
590	0.352249
591	0.353267
592	0.354286
593	0.355308
594	0.356331
595	0.357357
596	0.358385
597	0.359415
598	0.360447
599	0.36148
600	0.362516
601	0.363555
602	0.364595
603	0.365637
604	0.366681
605	0.367728
606	0.368776
607	0.369827
608	0.370879
609	0.371934
610	0.372991
611	0.37405
612	0.375111
613	0.376174
614	0.37724
615	0.378307
616	0.379377
617	0.380449
618	0.381523
619	0.382599
620	0.383677
621	0.384757
622	0.38584
623	0.386925
624	0.388012
625	0.389101
626	0.390192
627	0.391285
628	0.392381
629	0.393479
630	0.394579
631	0.395681
632	0.396785
633	0.397892
634	0.399001
635	0.400112
636	0.401225
637	0.402341
638	0.403458
639	0.404578
640	0.4057
641	0.406825
642	0.407952
643	0.40908
644	0.410212
645	0.411345
646	0.412481
647	0.413619
648	0.414759
649	0.415902
650	0.417046
651	0.418194
652	0.419343
653	0.420495
654	0.421649
655	0.422805
656	0.423964
657	0.425125
658	0.426288
659	0.427454
660	0.428622
661	0.429792
662	0.430964
663	0.432139
664	0.433317
665	0.434496
666	0.435678
667	0.436863
668	0.43805
669	0.439239
670	0.44043
671	0.441624
672	0.44282
673	0.444019
674	0.44522
675	0.446424
676	0.44763
677	0.448838
678	0.450049
679	0.451262
680	0.452477
681	0.453695
682	0.454916
683	0.456139
684	0.457364
685	0.458592
686	0.459822
687	0.461054
688	0.46229
689	0.463527
690	0.464767
691	0.46601
692	0.467255
693	0.468502
694	0.469753
695	0.471005
696	0.47226
697	0.473518
698	0.474778
699	0.47604
700	0.477305
701	0.478573
702	0.479843
703	0.481116
704	0.482391
705	0.483669
706	0.484949
707	0.486232
708	0.487518
709	0.488806
710	0.490097
711	0.49139
712	0.492686
713	0.493984
714	0.495285
715	0.496589
716	0.497895
717	0.499204
718	0.500515
719	0.501829
720	0.503146
721	0.504465
722	0.505787
723	0.507112
724	0.508439
725	0.509769
726	0.511102
727	0.512437
728	0.513775
729	0.515115
730	0.516459
731	0.517805
732	0.519153
733	0.520504
734	0.521859
735	0.523215
736	0.524575
737	0.525937
738	0.527302
739	0.528669
740	0.53004
741	0.531413
742	0.532789
743	0.534167
744	0.535549
745	0.536933
746	0.53832
747	0.53971
748	0.541102
749	0.542497
750	0.543895
751	0.545296
752	0.5467
753	0.548106
754	0.549515
755	0.550927
756	0.552342
757	0.55376
758	0.555181
759	0.556604
760	0.55803
761	0.559459
762	0.560891
763	0.562326
764	0.563764
765	0.565204
766	0.566648
767	0.568094
768	0.569543
769	0.570996
770	0.572451
771	0.573908
772	0.575369
773	0.576833
774	0.5783
775	0.579769
776	0.581242
777	0.582718
778	0.584196
779	0.585677
780	0.587162
781	0.588649
782	0.59014
783	0.591633
784	0.593129
785	0.594628
786	0.596131
787	0.597636
788	0.599144
789	0.600656
790	0.60217
791	0.603687
792	0.605208
793	0.606731
794	0.608258
795	0.609787
796	0.61132
797	0.612856
798	0.614394
799	0.615936
800	0.617481
801	0.619029
802	0.62058
803	0.622134
804	0.623692
805	0.625252
806	0.626816
807	0.628382
808	0.629952
809	0.631525
810	0.633101
811	0.63468
812	0.636263
813	0.637848
814	0.639437
815	0.641029
816	0.642624
817	0.644222
818	0.645824
819	0.647428
820	0.649036
821	0.650647
822	0.652262
823	0.653879
824	0.6555
825	0.657124
826	0.658751
827	0.660382
828	0.662016
829	0.663653
830	0.665293
831	0.666937
832	0.668584
833	0.670234
834	0.671887
835	0.673544
836	0.675204
837	0.676868
838	0.678535
839	0.680205
840	0.681878
841	0.683555
842	0.685235
843	0.686919
844	0.688605
845	0.690296
846	0.691989
847	0.693686
848	0.695387
849	0.697091
850	0.698798
851	0.700508
852	0.702222
853	0.70394
854	0.705661
855	0.707385
856	0.709113
857	0.710844
858	0.712579
859	0.714317
860	0.716059
861	0.717804
862	0.719553
863	0.721305
864	0.72306
865	0.72482
866	0.726582
867	0.728348
868	0.730118
869	0.731891
870	0.733668
871	0.735449
872	0.737233
873	0.73902
874	0.740811
875	0.742606
876	0.744404
877	0.746206
878	0.748011
879	0.74982
880	0.751633
881	0.753449
882	0.755269
883	0.757093
884	0.75892
885	0.760751
886	0.762586
887	0.764424
888	0.766266
889	0.768111
890	0.76996
891	0.771813
892	0.77367
893	0.77553
894	0.777395
895	0.779262
896	0.781134
897	0.783009
898	0.784888
899	0.786771
900	0.788658
901	0.790548
902	0.792442
903	0.79434
904	0.796242
905	0.798147
906	0.800057
907	0.80197
908	0.803887
909	0.805808
910	0.807732
911	0.809661
912	0.811593
913	0.813529
914	0.815469
915	0.817413
916	0.819361
917	0.821313
918	0.823269
919	0.825228
920	0.827192
921	0.829159
922	0.831131
923	0.833106
924	0.835085
925	0.837068
926	0.839055
927	0.841047
928	0.843042
929	0.845041
930	0.847044
931	0.849051
932	0.851062
933	0.853077
934	0.855097
935	0.85712
936	0.859147
937	0.861178
938	0.863214
939	0.865253
940	0.867297
941	0.869344
942	0.871396
943	0.873452
944	0.875512
945	0.877576
946	0.879644
947	0.881716
948	0.883793
949	0.885874
950	0.887958
951	0.890047
952	0.89214
953	0.894238
954	0.896339
955	0.898445
956	0.900555
957	0.902669
958	0.904787
959	0.90691
960	0.909037
961	0.911168
962	0.913303
963	0.915443
964	0.917587
965	0.919735
966	0.921888
967	0.924044
968	0.926206
969	0.928371
970	0.930541
971	0.932715
972	0.934893
973	0.937076
974	0.939263
975	0.941455
976	0.943651
977	0.945851
978	0.948056
979	0.950265
980	0.952479
981	0.954697
982	0.956919
983	0.959146
984	0.961377
985	0.963613
986	0.965853
987	0.968098
988	0.970347
989	0.972601
990	0.974859
991	0.977122
992	0.979389
993	0.981661
994	0.983938
995	0.986218
996	0.988504
997	0.990794
998	0.993089
999	0.995388
1000	0.997692
1001	1
