0	0
1	0.000627324
2	0.00125716
3	0.00188953
4	0.00252442
5	0.00316187
6	0.00380186
7	0.00444443
8	0.00508956
9	0.00573729
10	0.00638761
11	0.00704053
12	0.00769608
13	0.00835425
14	0.00901505
15	0.00967851
16	0.0103446
17	0.0110134
18	0.0116849
19	0.012359
20	0.0130359
21	0.0137155
22	0.0143978
23	0.0150828
24	0.0157706
25	0.0164611
26	0.0171544
27	0.0178505
28	0.0185494
29	0.019251
30	0.0199555
31	0.0206628
32	0.021373
33	0.0220859
34	0.0228018
35	0.0235205
36	0.0242421
37	0.0249666
38	0.025694
39	0.0264243
40	0.0271575
41	0.0278937
42	0.0286328
43	0.0293749
44	0.03012
45	0.030868
46	0.031619
47	0.0323731
48	0.0331302
49	0.0338903
50	0.0346534
51	0.0354197
52	0.0361889
53	0.0369613
54	0.0377368
55	0.0385153
56	0.039297
57	0.0400819
58	0.0408698
59	0.041661
60	0.0424553
61	0.0432528
62	0.0440534
63	0.0448573
64	0.0456644
65	0.0464748
66	0.0472884
67	0.0481052
68	0.0489254
69	0.0497488
70	0.0505755
71	0.0514055
72	0.0522389
73	0.0530756
74	0.0539157
75	0.0547591
76	0.0556059
77	0.0564561
78	0.0573097
79	0.0581667
80	0.0590271
81	0.0598911
82	0.0607584
83	0.0616293
84	0.0625036
85	0.0633814
86	0.0642628
87	0.0651477
88	0.0660361
89	0.0669281
90	0.0678237
91	0.0687229
92	0.0696256
93	0.070532
94	0.071442
95	0.0723557
96	0.073273
97	0.074194
98	0.0751187
99	0.0760471
100	0.0769792
101	0.0779151
102	0.0788547
103	0.0797981
104	0.0807452
105	0.0816962
106	0.082651
107	0.0836095
108	0.084572
109	0.0855383
110	0.0865084
111	0.0874825
112	0.0884604
113	0.0894423
114	0.0904281
115	0.0914179
116	0.0924116
117	0.0934093
118	0.094411
119	0.0954168
120	0.0964265
121	0.0974403
122	0.0984582
123	0.0994801
124	0.100506
125	0.101536
126	0.102571
127	0.103609
128	0.104652
129	0.105698
130	0.106749
131	0.107805
132	0.108864
133	0.109928
134	0.110996
135	0.112068
136	0.113144
137	0.114225
138	0.11531
139	0.1164
140	0.117493
141	0.118592
142	0.119694
143	0.120801
144	0.121913
145	0.123029
146	0.124149
147	0.125274
148	0.126404
149	0.127538
150	0.128676
151	0.129819
152	0.130967
153	0.132119
154	0.133276
155	0.134437
156	0.135604
157	0.136774
158	0.13795
159	0.13913
160	0.140315
161	0.141505
162	0.142699
163	0.143899
164	0.145103
165	0.146311
166	0.147525
167	0.148744
168	0.149967
169	0.151196
170	0.152429
171	0.153667
172	0.154911
173	0.156159
174	0.157412
175	0.15867
176	0.159933
177	0.161202
178	0.162475
179	0.163754
180	0.165037
181	0.166326
182	0.16762
183	0.168919
184	0.170224
185	0.171533
186	0.172848
187	0.174168
188	0.175494
189	0.176824
190	0.17816
191	0.179502
192	0.180848
193	0.182201
194	0.183558
195	0.184921
196	0.18629
197	0.187664
198	0.189043
199	0.190428
200	0.191819
201	0.193215
202	0.194617
203	0.196024
204	0.197437
205	0.198856
206	0.20028
207	0.20171
208	0.203146
209	0.204587
210	0.206035
211	0.207488
212	0.208947
213	0.210411
214	0.211882
215	0.213359
216	0.214841
217	0.21633
218	0.217824
219	0.219324
220	0.220831
221	0.222343
222	0.223862
223	0.225386
224	0.226917
225	0.228454
226	0.229997
227	0.231546
228	0.233101
229	0.234663
230	0.236231
231	0.237805
232	0.239385
233	0.240972
234	0.242565
235	0.244165
236	0.245771
237	0.247383
238	0.249002
239	0.250627
240	0.252259
241	0.253897
242	0.255542
243	0.257194
244	0.258852
245	0.260517
246	0.262188
247	0.263866
248	0.265551
249	0.267243
250	0.268941
251	0.270647
252	0.272359
253	0.274078
254	0.275804
255	0.277536
256	0.279276
257	0.281023
258	0.282776
259	0.284537
260	0.286305
261	0.28808
262	0.289862
263	0.291651
264	0.293447
265	0.29525
266	0.297061
267	0.298879
268	0.300704
269	0.302537
270	0.304377
271	0.306224
272	0.308079
273	0.309941
274	0.31181
275	0.313687
276	0.315572
277	0.317464
278	0.319364
279	0.321271
280	0.323186
281	0.325109
282	0.327039
283	0.328977
284	0.330923
285	0.332877
286	0.334838
287	0.336808
288	0.338785
289	0.34077
290	0.342763
291	0.344764
292	0.346773
293	0.348791
294	0.350816
295	0.352849
296	0.354891
297	0.356941
298	0.358999
299	0.361065
300	0.363139
301	0.365222
302	0.367313
303	0.369413
304	0.371521
305	0.373637
306	0.375762
307	0.377895
308	0.380037
309	0.382188
310	0.384347
311	0.386515
312	0.388691
313	0.390876
314	0.39307
315	0.395273
316	0.397485
317	0.399705
318	0.401934
319	0.404173
320	0.40642
321	0.408676
322	0.410941
323	0.413216
324	0.415499
325	0.417792
326	0.420094
327	0.422405
328	0.424725
329	0.427055
330	0.429394
331	0.431742
332	0.4341
333	0.436467
334	0.438844
335	0.44123
336	0.443626
337	0.446031
338	0.448446
339	0.450871
340	0.453305
341	0.45575
342	0.458203
343	0.460667
344	0.463141
345	0.465625
346	0.468118
347	0.470622
348	0.473135
349	0.475659
350	0.478193
351	0.480737
352	0.483291
353	0.485855
354	0.48843
355	0.491015
356	0.49361
357	0.496216
358	0.498832
359	0.501459
360	0.504096
361	0.506743
362	0.509402
363	0.512071
364	0.514751
365	0.517441
366	0.520142
367	0.522854
368	0.525577
369	0.528311
370	0.531056
371	0.533812
372	0.536579
373	0.539356
374	0.542146
375	0.544946
376	0.547757
377	0.55058
378	0.553414
379	0.556259
380	0.559116
381	0.561985
382	0.564864
383	0.567756
384	0.570659
385	0.573573
386	0.576499
387	0.579437
388	0.582387
389	0.585348
390	0.588322
391	0.591307
392	0.594304
393	0.597314
394	0.600335
395	0.603369
396	0.606414
397	0.609472
398	0.612542
399	0.615625
400	0.618719
401	0.621826
402	0.624946
403	0.628078
404	0.631223
405	0.63438
406	0.63755
407	0.640733
408	0.643928
409	0.647136
410	0.650357
411	0.653591
412	0.656838
413	0.660098
414	0.663371
415	0.666657
416	0.669957
417	0.673269
418	0.676595
419	0.679934
420	0.683287
421	0.686652
422	0.690032
423	0.693425
424	0.696831
425	0.700252
426	0.703686
427	0.707133
428	0.710595
429	0.71407
430	0.71756
431	0.721063
432	0.72458
433	0.728112
434	0.731657
435	0.735217
436	0.738791
437	0.74238
438	0.745982
439	0.7496
440	0.753231
441	0.756878
442	0.760539
443	0.764214
444	0.767904
445	0.77161
446	0.775329
447	0.779064
448	0.782814
449	0.786579
450	0.790359
451	0.794154
452	0.797964
453	0.80179
454	0.805631
455	0.809487
456	0.813359
457	0.817246
458	0.821149
459	0.825067
460	0.829002
461	0.832952
462	0.836917
463	0.840899
464	0.844897
465	0.84891
466	0.85294
467	0.856986
468	0.861048
469	0.865127
470	0.869221
471	0.873333
472	0.87746
473	0.881605
474	0.885765
475	0.889943
476	0.894137
477	0.898348
478	0.902576
479	0.906821
480	0.911083
481	0.915362
482	0.919658
483	0.923971
484	0.928302
485	0.93265
486	0.937015
487	0.941398
488	0.945798
489	0.950216
490	0.954652
491	0.959106
492	0.963577
493	0.968067
494	0.972574
495	0.977099
496	0.981643
497	0.986205
498	0.990785
499	0.995383
500	1
