0	0
1	4.16015e-11
2	8.40434e-11
3	1.27343e-10
4	1.71517e-10
5	2.16583e-10
6	2.6256e-10
7	3.09466e-10
8	3.5732e-10
9	4.0614e-10
10	4.55946e-10
11	5.06759e-10
12	5.58598e-10
13	6.11484e-10
14	6.65439e-10
15	7.20484e-10
16	7.76641e-10
17	8.33932e-10
18	8.92381e-10
19	9.52011e-10
20	1.01284e-09
21	1.07491e-09
22	1.13823e-09
23	1.20282e-09
24	1.26872e-09
25	1.33596e-09
26	1.40455e-09
27	1.47452e-09
28	1.54591e-09
29	1.61875e-09
30	1.69305e-09
31	1.76886e-09
32	1.84619e-09
33	1.92509e-09
34	2.00558e-09
35	2.0877e-09
36	2.17148e-09
37	2.25695e-09
38	2.34415e-09
39	2.43311e-09
40	2.52387e-09
41	2.61646e-09
42	2.71092e-09
43	2.80729e-09
44	2.9056e-09
45	3.0059e-09
46	3.10823e-09
47	3.21263e-09
48	3.31913e-09
49	3.42779e-09
50	3.53864e-09
51	3.65173e-09
52	3.76711e-09
53	3.88481e-09
54	4.0049e-09
55	4.12741e-09
56	4.2524e-09
57	4.37991e-09
58	4.50999e-09
59	4.64271e-09
60	4.77811e-09
61	4.91624e-09
62	5.05716e-09
63	5.20093e-09
64	5.34761e-09
65	5.49724e-09
66	5.6499e-09
67	5.80565e-09
68	5.96454e-09
69	6.12664e-09
70	6.29202e-09
71	6.46074e-09
72	6.63286e-09
73	6.80846e-09
74	6.98762e-09
75	7.17039e-09
76	7.35685e-09
77	7.54708e-09
78	7.74115e-09
79	7.93915e-09
80	8.14114e-09
81	8.34722e-09
82	8.55746e-09
83	8.77194e-09
84	8.99076e-09
85	9.214e-09
86	9.44175e-09
87	9.6741e-09
88	9.91115e-09
89	1.0153e-08
90	1.03997e-08
91	1.06514e-08
92	1.09082e-08
93	1.11702e-08
94	1.14374e-08
95	1.17101e-08
96	1.19883e-08
97	1.22721e-08
98	1.25616e-08
99	1.2857e-08
100	1.31584e-08
101	1.34658e-08
102	1.37795e-08
103	1.40994e-08
104	1.44259e-08
105	1.47589e-08
106	1.50987e-08
107	1.54453e-08
108	1.5799e-08
109	1.61598e-08
110	1.65279e-08
111	1.69034e-08
112	1.72865e-08
113	1.76773e-08
114	1.8076e-08
115	1.84828e-08
116	1.88978e-08
117	1.93212e-08
118	1.97532e-08
119	2.01938e-08
120	2.06434e-08
121	2.11021e-08
122	2.157e-08
123	2.20474e-08
124	2.25344e-08
125	2.30313e-08
126	2.35382e-08
127	2.40553e-08
128	2.45829e-08
129	2.51211e-08
130	2.56703e-08
131	2.62305e-08
132	2.6802e-08
133	2.73851e-08
134	2.798e-08
135	2.85868e-08
136	2.9206e-08
137	2.98376e-08
138	3.0482e-08
139	3.11395e-08
140	3.18102e-08
141	3.24944e-08
142	3.31925e-08
143	3.39047e-08
144	3.46313e-08
145	3.53725e-08
146	3.61288e-08
147	3.69003e-08
148	3.76874e-08
149	3.84904e-08
150	3.93096e-08
151	4.01454e-08
152	4.0998e-08
153	4.18679e-08
154	4.27553e-08
155	4.36607e-08
156	4.45844e-08
157	4.55267e-08
158	4.64881e-08
159	4.74689e-08
160	4.84695e-08
161	4.94904e-08
162	5.05318e-08
163	5.15943e-08
164	5.26783e-08
165	5.37841e-08
166	5.49123e-08
167	5.60633e-08
168	5.72375e-08
169	5.84355e-08
170	5.96577e-08
171	6.09045e-08
172	6.21766e-08
173	6.34743e-08
174	6.47983e-08
175	6.6149e-08
176	6.7527e-08
177	6.89329e-08
178	7.03671e-08
179	7.18303e-08
180	7.33231e-08
181	7.4846e-08
182	7.63997e-08
183	7.79848e-08
184	7.9602e-08
185	8.12518e-08
186	8.29349e-08
187	8.4652e-08
188	8.64038e-08
189	8.8191e-08
190	9.00143e-08
191	9.18745e-08
192	9.37722e-08
193	9.57083e-08
194	9.76835e-08
195	9.96985e-08
196	1.01754e-07
197	1.03852e-07
198	1.05991e-07
199	1.08174e-07
200	1.10401e-07
201	1.12673e-07
202	1.14991e-07
203	1.17356e-07
204	1.19769e-07
205	1.2223e-07
206	1.24741e-07
207	1.27303e-07
208	1.29916e-07
209	1.32582e-07
210	1.35302e-07
211	1.38077e-07
212	1.40909e-07
213	1.43797e-07
214	1.46744e-07
215	1.4975e-07
216	1.52817e-07
217	1.55946e-07
218	1.59138e-07
219	1.62395e-07
220	1.65717e-07
221	1.69107e-07
222	1.72565e-07
223	1.76092e-07
224	1.79692e-07
225	1.83364e-07
226	1.8711e-07
227	1.90931e-07
228	1.9483e-07
229	1.98808e-07
230	2.02866e-07
231	2.07006e-07
232	2.1123e-07
233	2.15539e-07
234	2.19935e-07
235	2.2442e-07
236	2.28995e-07
237	2.33663e-07
238	2.38425e-07
239	2.43284e-07
240	2.4824e-07
241	2.53297e-07
242	2.58456e-07
243	2.63719e-07
244	2.69089e-07
245	2.74567e-07
246	2.80155e-07
247	2.85857e-07
248	2.91673e-07
249	2.97607e-07
250	3.03662e-07
251	3.09838e-07
252	3.16139e-07
253	3.22568e-07
254	3.29126e-07
255	3.35817e-07
256	3.42643e-07
257	3.49607e-07
258	3.56711e-07
259	3.63959e-07
260	3.71354e-07
261	3.78898e-07
262	3.86594e-07
263	3.94446e-07
264	4.02456e-07
265	4.10629e-07
266	4.18966e-07
267	4.27472e-07
268	4.3615e-07
269	4.45003e-07
270	4.54034e-07
271	4.63249e-07
272	4.72649e-07
273	4.82239e-07
274	4.92024e-07
275	5.02005e-07
276	5.12189e-07
277	5.22578e-07
278	5.33177e-07
279	5.4399e-07
280	5.55022e-07
281	5.66276e-07
282	5.77758e-07
283	5.89472e-07
284	6.01422e-07
285	6.13614e-07
286	6.26052e-07
287	6.38742e-07
288	6.51688e-07
289	6.64895e-07
290	6.78369e-07
291	6.92115e-07
292	7.0614e-07
293	7.20447e-07
294	7.35043e-07
295	7.49935e-07
296	7.65127e-07
297	7.80626e-07
298	7.96438e-07
299	8.1257e-07
300	8.29028e-07
301	8.45818e-07
302	8.62947e-07
303	8.80422e-07
304	8.98251e-07
305	9.16439e-07
306	9.34995e-07
307	9.53926e-07
308	9.73239e-07
309	9.92943e-07
310	1.01304e-06
311	1.03355e-06
312	1.05447e-06
313	1.07582e-06
314	1.09759e-06
315	1.11981e-06
316	1.14247e-06
317	1.1656e-06
318	1.18919e-06
319	1.21325e-06
320	1.2378e-06
321	1.26285e-06
322	1.28841e-06
323	1.31448e-06
324	1.34108e-06
325	1.36821e-06
326	1.39589e-06
327	1.42413e-06
328	1.45295e-06
329	1.48234e-06
330	1.51233e-06
331	1.54293e-06
332	1.57414e-06
333	1.60598e-06
334	1.63847e-06
335	1.67161e-06
336	1.70542e-06
337	1.73992e-06
338	1.77511e-06
339	1.81101e-06
340	1.84764e-06
341	1.88501e-06
342	1.92313e-06
343	1.96203e-06
344	2.0017e-06
345	2.04219e-06
346	2.08348e-06
347	2.12562e-06
348	2.1686e-06
349	2.21245e-06
350	2.25719e-06
351	2.30283e-06
352	2.3494e-06
353	2.3969e-06
354	2.44537e-06
355	2.49481e-06
356	2.54526e-06
357	2.59672e-06
358	2.64922e-06
359	2.70278e-06
360	2.75743e-06
361	2.81317e-06
362	2.87005e-06
363	2.92807e-06
364	2.98727e-06
365	3.04766e-06
366	3.10927e-06
367	3.17213e-06
368	3.23625e-06
369	3.30167e-06
370	3.36842e-06
371	3.43651e-06
372	3.50597e-06
373	3.57685e-06
374	3.64915e-06
375	3.72291e-06
376	3.79816e-06
377	3.87494e-06
378	3.95326e-06
379	4.03317e-06
380	4.11469e-06
381	4.19786e-06
382	4.2827e-06
383	4.36927e-06
384	4.45758e-06
385	4.54767e-06
386	4.63959e-06
387	4.73336e-06
388	4.82903e-06
389	4.92662e-06
390	5.0262e-06
391	5.12778e-06
392	5.23141e-06
393	5.33714e-06
394	5.445e-06
395	5.55505e-06
396	5.66731e-06
397	5.78185e-06
398	5.8987e-06
399	6.0179e-06
400	6.13952e-06
401	6.2636e-06
402	6.39018e-06
403	6.51931e-06
404	6.65106e-06
405	6.78547e-06
406	6.92259e-06
407	7.06249e-06
408	7.20521e-06
409	7.35081e-06
410	7.49935e-06
411	7.6509e-06
412	7.80551e-06
413	7.96324e-06
414	8.12415e-06
415	8.28832e-06
416	8.4558e-06
417	8.62667e-06
418	8.80099e-06
419	8.97883e-06
420	9.16027e-06
421	9.34537e-06
422	9.53421e-06
423	9.72686e-06
424	9.92341e-06
425	1.01239e-05
426	1.03285e-05
427	1.05372e-05
428	1.07501e-05
429	1.09673e-05
430	1.11889e-05
431	1.1415e-05
432	1.16457e-05
433	1.1881e-05
434	1.2121e-05
435	1.23659e-05
436	1.26158e-05
437	1.28707e-05
438	1.31308e-05
439	1.33961e-05
440	1.36668e-05
441	1.39429e-05
442	1.42246e-05
443	1.4512e-05
444	1.48052e-05
445	1.51044e-05
446	1.54096e-05
447	1.57209e-05
448	1.60386e-05
449	1.63626e-05
450	1.66932e-05
451	1.70305e-05
452	1.73746e-05
453	1.77256e-05
454	1.80838e-05
455	1.84492e-05
456	1.88219e-05
457	1.92022e-05
458	1.95902e-05
459	1.9986e-05
460	2.03898e-05
461	2.08017e-05
462	2.1222e-05
463	2.16508e-05
464	2.20882e-05
465	2.25345e-05
466	2.29898e-05
467	2.34543e-05
468	2.39281e-05
469	2.44116e-05
470	2.49048e-05
471	2.54079e-05
472	2.59213e-05
473	2.6445e-05
474	2.69793e-05
475	2.75244e-05
476	2.80805e-05
477	2.86478e-05
478	2.92266e-05
479	2.98171e-05
480	3.04195e-05
481	3.1034e-05
482	3.1661e-05
483	3.23007e-05
484	3.29533e-05
485	3.36191e-05
486	3.42983e-05
487	3.49912e-05
488	3.56982e-05
489	3.64194e-05
490	3.71552e-05
491	3.79058e-05
492	3.86716e-05
493	3.94529e-05
494	4.025e-05
495	4.10632e-05
496	4.18928e-05
497	4.27392e-05
498	4.36026e-05
499	4.44835e-05
500	4.53822e-05
501	4.62991e-05
502	4.72345e-05
503	4.81888e-05
504	4.91623e-05
505	5.01555e-05
506	5.11688e-05
507	5.22026e-05
508	5.32572e-05
509	5.43332e-05
510	5.54309e-05
511	5.65507e-05
512	5.76932e-05
513	5.88588e-05
514	6.00479e-05
515	6.1261e-05
516	6.24987e-05
517	6.37613e-05
518	6.50495e-05
519	6.63637e-05
520	6.77044e-05
521	6.90722e-05
522	7.04676e-05
523	7.18913e-05
524	7.33437e-05
525	7.48254e-05
526	7.63371e-05
527	7.78793e-05
528	7.94527e-05
529	8.10578e-05
530	8.26954e-05
531	8.43661e-05
532	8.60705e-05
533	8.78093e-05
534	8.95833e-05
535	9.13931e-05
536	9.32395e-05
537	9.51232e-05
538	9.70449e-05
539	9.90054e-05
540	0.000101006
541	0.000103046
542	0.000105128
543	0.000107252
544	0.000109419
545	0.000111629
546	0.000113884
547	0.000116185
548	0.000118532
549	0.000120927
550	0.00012337
551	0.000125862
552	0.000128405
553	0.000130999
554	0.000133646
555	0.000136346
556	0.0001391
557	0.00014191
558	0.000144777
559	0.000147702
560	0.000150686
561	0.00015373
562	0.000156836
563	0.000160004
564	0.000163237
565	0.000166534
566	0.000169899
567	0.000173331
568	0.000176833
569	0.000180405
570	0.00018405
571	0.000187768
572	0.000191562
573	0.000195432
574	0.00019938
575	0.000203408
576	0.000207517
577	0.000211709
578	0.000215986
579	0.00022035
580	0.000224801
581	0.000229343
582	0.000233976
583	0.000238703
584	0.000243525
585	0.000248445
586	0.000253464
587	0.000258585
588	0.000263809
589	0.000269138
590	0.000274575
591	0.000280122
592	0.000285781
593	0.000291555
594	0.000297445
595	0.000303454
596	0.000309584
597	0.000315839
598	0.000322219
599	0.000328729
600	0.00033537
601	0.000342145
602	0.000349057
603	0.000356109
604	0.000363303
605	0.000370642
606	0.00037813
607	0.000385769
608	0.000393563
609	0.000401513
610	0.000409625
611	0.0004179
612	0.000426343
613	0.000434956
614	0.000443743
615	0.000452707
616	0.000461853
617	0.000471183
618	0.000480702
619	0.000490414
620	0.000500321
621	0.000510429
622	0.00052074
623	0.00053126
624	0.000541993
625	0.000552942
626	0.000564113
627	0.000575509
628	0.000587136
629	0.000598997
630	0.000611098
631	0.000623444
632	0.000636039
633	0.000648888
634	0.000661997
635	0.000675371
636	0.000689014
637	0.000702934
638	0.000717135
639	0.000731622
640	0.000746403
641	0.000761482
642	0.000776865
643	0.000792559
644	0.000808571
645	0.000824906
646	0.00084157
647	0.000858572
648	0.000875917
649	0.000893612
650	0.000911665
651	0.000930083
652	0.000948872
653	0.000968041
654	0.000987598
655	0.00100755
656	0.0010279
657	0.00104867
658	0.00106986
659	0.00109147
660	0.00111352
661	0.00113601
662	0.00115896
663	0.00118238
664	0.00120626
665	0.00123063
666	0.00125549
667	0.00128086
668	0.00130673
669	0.00133313
670	0.00136006
671	0.00138754
672	0.00141557
673	0.00144417
674	0.00147334
675	0.00150311
676	0.00153347
677	0.00156445
678	0.00159606
679	0.0016283
680	0.0016612
681	0.00169476
682	0.001729
683	0.00176392
684	0.00179956
685	0.00183591
686	0.001873
687	0.00191084
688	0.00194945
689	0.00198883
690	0.00202901
691	0.00207
692	0.00211181
693	0.00215448
694	0.002198
695	0.00224241
696	0.00228771
697	0.00233392
698	0.00238107
699	0.00242918
700	0.00247825
701	0.00252832
702	0.00257939
703	0.0026315
704	0.00268467
705	0.0027389
706	0.00279423
707	0.00285068
708	0.00290827
709	0.00296702
710	0.00302696
711	0.00308811
712	0.0031505
713	0.00321415
714	0.00327908
715	0.00334532
716	0.00341291
717	0.00348185
718	0.00355219
719	0.00362396
720	0.00369717
721	0.00377186
722	0.00384806
723	0.0039258
724	0.00400511
725	0.00408602
726	0.00416856
727	0.00425278
728	0.00433869
729	0.00442634
730	0.00451576
731	0.00460699
732	0.00470006
733	0.00479501
734	0.00489188
735	0.00499071
736	0.00509153
737	0.00519439
738	0.00529932
739	0.00540638
740	0.0055156
741	0.00562703
742	0.00574071
743	0.00585668
744	0.005975
745	0.0060957
746	0.00621885
747	0.00634448
748	0.00647265
749	0.00660342
750	0.00673682
751	0.00687291
752	0.00701176
753	0.00715341
754	0.00729793
755	0.00744536
756	0.00759577
757	0.00774922
758	0.00790577
759	0.00806548
760	0.00822842
761	0.00839465
762	0.00856424
763	0.00873726
764	0.00891377
765	0.00909385
766	0.00927756
767	0.00946498
768	0.0096562
769	0.00985127
770	0.0100503
771	0.0102533
772	0.0104605
773	0.0106718
774	0.0108874
775	0.0111073
776	0.0113317
777	0.0115606
778	0.0117942
779	0.0120325
780	0.0122755
781	0.0125235
782	0.0127765
783	0.0130346
784	0.013298
785	0.0135666
786	0.0138407
787	0.0141203
788	0.0144055
789	0.0146966
790	0.0149935
791	0.0152964
792	0.0156054
793	0.0159206
794	0.0162423
795	0.0165704
796	0.0169052
797	0.0172467
798	0.0175951
799	0.0179506
800	0.0183132
801	0.0186832
802	0.0190606
803	0.0194457
804	0.0198385
805	0.0202393
806	0.0206481
807	0.0210653
808	0.0214908
809	0.021925
810	0.0223679
811	0.0228198
812	0.0232808
813	0.0237511
814	0.024231
815	0.0247205
816	0.0252199
817	0.0257294
818	0.0262491
819	0.0267794
820	0.0273204
821	0.0278724
822	0.0284354
823	0.0290099
824	0.029596
825	0.0301939
826	0.0308038
827	0.0314261
828	0.032061
829	0.0327087
830	0.0333695
831	0.0340436
832	0.0347314
833	0.035433
834	0.0361488
835	0.0368791
836	0.0376241
837	0.0383842
838	0.0391597
839	0.0399508
840	0.0407578
841	0.0415812
842	0.0424213
843	0.0432783
844	0.0441526
845	0.0450445
846	0.0459545
847	0.0468829
848	0.04783
849	0.0487963
850	0.0497821
851	0.0507878
852	0.0518138
853	0.0528605
854	0.0539284
855	0.0550179
856	0.0561294
857	0.0572633
858	0.0584201
859	0.0596003
860	0.0608044
861	0.0620327
862	0.0632859
863	0.0645644
864	0.0658688
865	0.0671995
866	0.068557
867	0.069942
868	0.071355
869	0.0727965
870	0.0742671
871	0.0757675
872	0.0772981
873	0.0788597
874	0.0804528
875	0.0820781
876	0.0837363
877	0.0854279
878	0.0871538
879	0.0889144
880	0.0907107
881	0.0925432
882	0.0944128
883	0.0963201
884	0.098266
885	0.100251
886	0.102276
887	0.104343
888	0.106451
889	0.108601
890	0.110795
891	0.113033
892	0.115317
893	0.117646
894	0.120023
895	0.122448
896	0.124922
897	0.127445
898	0.13002
899	0.132647
900	0.135326
901	0.13806
902	0.140849
903	0.143695
904	0.146598
905	0.149559
906	0.152581
907	0.155663
908	0.158808
909	0.162016
910	0.165289
911	0.168628
912	0.172035
913	0.17551
914	0.179056
915	0.182673
916	0.186364
917	0.190128
918	0.193969
919	0.197888
920	0.201886
921	0.205964
922	0.210125
923	0.21437
924	0.218701
925	0.223119
926	0.227626
927	0.232225
928	0.236916
929	0.241703
930	0.246585
931	0.251567
932	0.256649
933	0.261834
934	0.267124
935	0.27252
936	0.278025
937	0.283642
938	0.289372
939	0.295218
940	0.301182
941	0.307267
942	0.313474
943	0.319807
944	0.326268
945	0.332859
946	0.339583
947	0.346444
948	0.353442
949	0.360583
950	0.367867
951	0.375299
952	0.382881
953	0.390616
954	0.398507
955	0.406557
956	0.414771
957	0.42315
958	0.431698
959	0.44042
960	0.449317
961	0.458394
962	0.467655
963	0.477102
964	0.486741
965	0.496574
966	0.506606
967	0.51684
968	0.527281
969	0.537933
970	0.548801
971	0.559888
972	0.571198
973	0.582738
974	0.59451
975	0.606521
976	0.618773
977	0.631274
978	0.644027
979	0.657038
980	0.670311
981	0.683853
982	0.697668
983	0.711762
984	0.726141
985	0.740811
986	0.755777
987	0.771045
988	0.786622
989	0.802513
990	0.818725
991	0.835265
992	0.852139
993	0.869354
994	0.886917
995	0.904834
996	0.923114
997	0.941763
998	0.960788
999	0.980198
1000	1
